  0.0000000000000000e+000  9.9999999999999995e-007
  0.0000000000000000e+000  9.9999999999999995e-007
  1.0000000000000000e-002  1.0120722891910563e-006
  1.0999999999999999e-001  1.1411083651774777e-006
  5.0000000000000000e-001  1.8221205517260453e-006
  7.5000000000000000e-001  2.4595982435923333e-006
  1.0000000000000000e+000  3.3200222476557681e-006
  1.5000000000000000e+000  6.0480359313754020e-006
  2.0000000000000000e+000  1.1011929298173502e-005
  2.5000000000000000e+000  2.0029201286049637e-005
  3.0000000000000000e+000  3.6359682613604349e-005
  3.5000000000000000e+000  6.5769238446794089e-005
  4.0000000000000000e+000  1.1819052018222849e-004
  4.5000000000000000e+000  2.0986779181171323e-004
  5.0000000000000000e+000  3.6458241912373324e-004
  5.5000000000000000e+000  6.0838071338382733e-004
  6.0000000000000000e+000  9.4258855854869304e-004
  6.5000000000000000e+000  1.2726188540881007e-003
  7.0000000000000000e+000  1.3312639295615604e-003
  7.5000000000000000e+000  8.7692319103393687e-004
  8.0000000000000000e+000  2.6662471424623076e-004
  8.5000000000000000e+000  2.7703955615314922e-005
  8.7500000000000000e+000  5.8063149142298436e-006
  9.0000000000000000e+000  9.4108296313366043e-007
  9.5000000000000000e+000  1.0911385952690756e-008
  1.0000000000000000e+001  -1.9971166050089248e-010
  1.0500000000000000e+001  1.2339995463779706e-011
  1.1000000000000000e+001  -1.1430543315820814e-012
  1.1500000000000000e+001  1.0851610851397960e-013
  1.2000000000000000e+001  -8.1698346707756440e-015
  1.2500000000000000e+001  3.9460776285459330e-016
  1.3000000000000000e+001  -9.4991212482942530e-018
  1.3500000000000000e+001  5.5423717827439724e-020
  1.4000000000000000e+001  4.0616144881524966e-022
  1.4500000000000000e+001  7.1691523178684489e-024
  1.5000000000000000e+001  1.9520328063287532e-025
  1.5500000000000000e+001  7.3413707897286650e-027
  1.6000000000000000e+001  3.6596688839578541e-028
  1.6500000000000000e+001  2.3667995653983357e-029
  1.7000000000000000e+001  1.9546133893693551e-030
  1.7500000000000000e+001  2.0318324641628552e-031
  1.8000000000000000e+001  2.6214767929370704e-032
  1.8500000000000000e+001  4.1403230230253263e-033
  1.9000000000000000e+001  7.8975177702000948e-034
  1.9500000000000000e+001  1.7957584062252838e-034
  2.0000000000000000e+001  4.8070372875616816e-035
  2.0500000000000000e+001  1.4969892125279397e-035
  2.1000000000000000e+001  5.3628461215521144e-036
  2.1500000000000000e+001  2.1868693290377831e-036
  2.2000000000000000e+001  1.0050962525589645e-036
  2.2500000000000000e+001  5.1587198973020466e-037
  2.3000000000000000e+001  2.9315307677168043e-037
  2.3500000000000000e+001  1.8297806667912632e-037
  2.4000000000000000e+001  1.2452073001356645e-037
  2.4500000000000000e+001  9.1758560106442117e-038
  2.5000000000000000e+001  7.2754889512293048e-038
  2.5500000000000000e+001  6.1708743148555919e-038
  2.6000000000000000e+001  5.5687068650461260e-038
  2.6500000000000000e+001  5.3201250352685632e-038
  2.7000000000000000e+001  5.3561822858992385e-038
  2.7500000000000000e+001  5.6587210818787748e-038
  2.8000000000000000e+001  6.2491308065584635e-038
  2.8500000000000000e+001  7.1879143233008432e-038
  2.9000000000000000e+001  8.5829388839048847e-038
  2.9500000000000000e+001  1.0607222095644107e-037
  3.0000000000000000e+001  1.3529704699487725e-037
  3.0500000000000000e+001  1.7765688066084963e-037
  3.1000000000000000e+001  2.3958449565942619e-037
  3.1500000000000000e+001  3.3111357942804901e-037
  3.2000000000000000e+001  4.6802782627322073e-037
  3.2500000000000000e+001  6.7537911017401028e-037
  3.3000000000000000e+001  9.9328565267516844e-037
  3.3500000000000000e+001  1.4865512730844489e-036
  3.4000000000000000e+001  2.2607259746400595e-036
  3.4500000000000000e+001  3.4890843895260591e-036
  3.5000000000000000e+001  5.4582047372232111e-036
  3.5500000000000000e+001  8.6453899109019532e-036
  3.6000000000000000e+001  1.3850845521080490e-035
  3.6500000000000000e+001  2.2424419051867021e-035
  3.7000000000000000e+001  3.6656285929169729e-035
  3.7500000000000000e+001  6.0452933156525688e-035
  3.8000000000000000e+001  1.0051132638156892e-034
  3.8500000000000000e+001  1.6836579628298529e-034
  3.9000000000000000e+001  2.8396833114749399e-034
  3.9500000000000000e+001  4.8197062332422127e-034
  4.0000000000000000e+001  8.2277870732534758e-034
  4.0500000000000000e+001  1.4120584764926957e-033
  4.1000000000000000e+001  2.4352384879362701e-033
  4.1500000000000000e+001  4.2186823343104211e-033
  4.2000000000000000e+001  7.3383776012699638e-033
  4.2500000000000000e+001  1.2813433185163190e-032
  4.3000000000000000e+001  2.2451190374861720e-032
  4.3500000000000000e+001  3.9463784944940116e-032
  4.4000000000000000e+001  6.9571393495286245e-032
  4.4500000000000000e+001  1.2297917465384416e-031
  4.5000000000000000e+001  2.1792452234216875e-031
  4.5500000000000000e+001  3.8704975846781840e-031
  4.6000000000000000e+001  6.8886371464300701e-031
  4.6500000000000000e+001  1.2283773985739411e-030
  4.7000000000000000e+001  2.1942925452677905e-030
  4.7500000000000000e+001  3.9260802163566483e-030
  4.8000000000000000e+001  7.0350719287482340e-030
  4.8500000000000000e+001  1.2623218822280699e-029
  4.9000000000000000e+001  2.2678567473958067e-029
  4.9500000000000000e+001  4.0790660774724076e-029
  5.0000000000000000e+001  7.3445427929929961e-029
  5.0500000000000000e+001  1.3237022239075572e-028
  5.1000000000000000e+001  2.3878277320258723e-028
  5.1500000000000000e+001  4.3109332330637519e-028
  5.2000000000000000e+001  7.7887225785621858e-028
  5.2500000000000000e+001  1.4081897896849127e-027
  5.3000000000000000e+001  2.5476027932951125e-027
  5.3500000000000000e+001  4.6116395569135028e-027
  5.4000000000000000e+001  8.3524038227028674e-027
  5.4500000000000000e+001  1.5134955718796217e-026
  5.5000000000000000e+001  2.7437653556253830e-026
  5.5500000000000000e+001  4.9761440144414778e-026
  5.6000000000000000e+001  9.0282669471271631e-026
  5.6500000000000000e+001  1.6385807057250136e-025
  5.7000000000000000e+001  2.9748898505806241e-025
  5.7500000000000000e+001  5.4025920506294365e-025
  5.8000000000000000e+001  9.8141172693587747e-025
  5.8500000000000000e+001  1.7832346557773967e-024
  5.9000000000000000e+001  3.2408961690293685e-024
  5.9500000000000000e+001  5.8913253967035228e-024
  6.0000000000000000e+001  1.0711363024924684e-023
