  0.0000000000000000e+000  9.9999999999999995e-007  1.0000000000000000e+000
  0.0000000000000000e+000  9.9999999999999995e-007  1.0000000000000000e+000
  1.0000000000000000e-002  1.0120722891910563e-006  1.0000000000000000e+000
  1.0999999999999999e-001  1.1411083651774777e-006  1.0000000000000000e+000
  5.0000000000000000e-001  1.8221205517260453e-006  1.0001743714013382e+000
  7.5000000000000000e-001  2.4595982435923333e-006  1.0029030668152563e+000
  1.0000000000000000e+000  3.3200222476557681e-006  1.0062729507461627e+000
  1.5000000000000000e+000  6.0480359313754020e-006  1.0160689496451132e+000
  2.0000000000000000e+000  1.1011929298173502e-005  1.0329011705839179e+000
  2.5000000000000000e+000  2.0029201286049637e-005  1.0628022483219430e+000
  3.0000000000000000e+000  3.6359682613604349e-005  1.1167498235649906e+000
  3.5000000000000000e+000  6.5769238446794089e-005  1.2148126762044105e+000
  4.0000000000000000e+000  1.1819052018222849e-004  1.3938480747905355e+000
  4.5000000000000000e+000  2.0986779181171323e-004  1.7219655479441829e+000
  5.0000000000000000e+000  3.6458241912373324e-004  2.3261257623440779e+000
  5.5000000000000000e+000  6.0838071338382733e-004  3.4453619160088813e+000
  6.0000000000000000e+000  9.4258855854869304e-004  5.5309141370889456e+000
  6.5000000000000000e+000  1.2726188540881007e-003  9.4059534607225075e+000
  7.0000000000000000e+000  1.3312639295615604e-003  1.6344586415467241e+001
  7.5000000000000000e+000  8.7692319103393687e-004  2.7229941263400185e+001
  8.0000000000000000e+000  2.6662471424623076e-004  3.9111856387289990e+001
  8.5000000000000000e+000  2.7703955615314922e-005  4.3362408209430264e+001
  8.7500000000000000e+000  5.8063149142298436e-006  4.1345072683040200e+001
  9.0000000000000000e+000  9.4108296313366043e-007  3.7771014476022899e+001
  9.5000000000000000e+000  1.0911385952690756e-008  3.0006285033187879e+001
  1.0000000000000000e+001  -1.9971166050089248e-010  2.3601992247820299e+001
  1.0500000000000000e+001  1.2339995463779706e-011  1.8602580223116778e+001
  1.1000000000000000e+001  -1.1430543315820814e-012  1.4708901004064749e+001
  1.1500000000000000e+001  1.0851610851397960e-013  1.1676502972106560e+001
  1.2000000000000000e+001  -8.1698346707756440e-015  9.3148688624103251e+000
  1.2500000000000000e+001  3.9460776285459330e-016  7.4756263824417344e+000
  1.3000000000000000e+001  -9.4991212482942530e-018  6.0432228974266335e+000
  1.3500000000000000e+001  5.5423717827439724e-020  4.9276659417253974e+000
  1.4000000000000000e+001  4.0616144881524966e-022  4.0588693110593219e+000
  1.4500000000000000e+001  7.1691523178684489e-024  3.3822498147667228e+000
  1.5000000000000000e+001  1.9520328063287532e-025  2.8552980212125263e+000
  1.5500000000000000e+001  7.3413707897286650e-027  2.4449075517515277e+000
  1.6000000000000000e+001  3.6596688839578541e-028  2.1252951327701752e+000
  1.6500000000000000e+001  2.3667995653983357e-029  1.8763807305880855e+000
  1.7000000000000000e+001  1.9546133893693551e-030  1.6825259992508723e+000
  1.7500000000000000e+001  2.0318324641628552e-031  1.5315517826833138e+000
  1.8000000000000000e+001  2.6214767929370704e-032  1.4139729445968761e+000
  1.8500000000000000e+001  4.1403230230253263e-033  1.3224024534225078e+000
  1.9000000000000000e+001  7.8975177702000948e-034  1.2510872831896580e+000
  1.9500000000000000e+001  1.7957584062252838e-034  1.1955469727674291e+000
  2.0000000000000000e+001  4.8070372875616816e-035  1.1522921355185569e+000
  2.0500000000000000e+001  1.4969892125279397e-035  1.1186052343975001e+000
  2.1000000000000000e+001  5.3628461215521144e-036  1.0923698494251650e+000
  2.1500000000000000e+001  2.1868693290377831e-036  1.0719377110645254e+000
  2.2000000000000000e+001  1.0050962525589645e-036  1.0560251457094316e+000
  2.2500000000000000e+001  5.1587198973020466e-037  1.0436324273502064e+000
  2.3000000000000000e+001  2.9315307677168043e-037  1.0339809685876562e+000
  2.3500000000000000e+001  1.8297806667912632e-037  1.0264644049455984e+000
  2.4000000000000000e+001  1.2452073001356645e-037  1.0206104992951563e+000
  2.4500000000000000e+001  9.1758560106442117e-038  1.0160514729905650e+000
  2.5000000000000000e+001  7.2754889512293048e-038  1.0125008997345046e+000
  2.5500000000000000e+001  6.1708743148555919e-038  1.0097357105023319e+000
  2.6000000000000000e+001  5.5687068650461260e-038  1.0075821789629746e+000
  2.6500000000000000e+001  5.3201250352685632e-038  1.0059050069137538e+000
  2.7000000000000000e+001  5.3561822858992385e-038  1.0045988240084747e+000
  2.7500000000000000e+001  5.6587210818787748e-038  1.0035815677390088e+000
  2.8000000000000000e+001  6.2491308065584635e-038  1.0027893277597639e+000
  2.8500000000000000e+001  7.1879143233008432e-038  1.0021723306435475e+000
  2.9000000000000000e+001  8.5829388839048847e-038  1.0016918128062853e+000
  2.9500000000000000e+001  1.0607222095644107e-037  1.0013175851383456e+000
  3.0000000000000000e+001  1.3529704699487725e-037  1.0010261363375068e+000
  3.0500000000000000e+001  1.7765688066084963e-037  1.0007991557831883e+000
  3.1000000000000000e+001  2.3958449565942619e-037  1.0006223831497432e+000
  3.1500000000000000e+001  3.3111357942804901e-037  1.0004847124843905e+000
  3.2000000000000000e+001  4.6802782627322073e-037  1.0003774944624078e+000
  3.2500000000000000e+001  6.7537911017401028e-037  1.0002939929829286e+000
  3.3000000000000000e+001  9.9328565267516844e-037  1.0002289619653222e+000
  3.3500000000000000e+001  1.4865512730844489e-036  1.0001783157578863e+000
  3.4000000000000000e+001  2.2607259746400595e-036  1.0001388724518758e+000
  3.4500000000000000e+001  3.4890843895260591e-036  1.0001081539742680e+000
  3.5000000000000000e+001  5.4582047372232111e-036  1.0000842303998521e+000
  3.5500000000000000e+001  8.6453899109019532e-036  1.0000655987013631e+000
  3.6000000000000000e+001  1.3850845521080490e-035  1.0000510883199902e+000
  3.6500000000000000e+001  2.2424419051867021e-035  1.0000397876236140e+000
  3.7000000000000000e+001  3.6656285929169729e-035  1.0000309866324271e+000
  3.7500000000000000e+001  6.0452933156525688e-035  1.0000241324135990e+000
  3.8000000000000000e+001  1.0051132638156892e-034  1.0000187943426082e+000
  3.8500000000000000e+001  1.6836579628298529e-034  1.0000146370487406e+000
  3.9000000000000000e+001  2.8396833114749399e-034  1.0000113993450210e+000
  3.9500000000000000e+001  4.8197062332422127e-034  1.0000088778188287e+000
  4.0000000000000000e+001  8.2277870732534758e-034  1.0000069140522558e+000
  4.0500000000000000e+001  1.4120584764926957e-033  1.0000053846693111e+000
  4.1000000000000000e+001  2.4352384879362701e-033  1.0000041935846760e+000
  4.1500000000000000e+001  4.2186823343104211e-033  1.0000032659670295e+000
  4.2000000000000000e+001  7.3383776012699638e-033  1.0000025435376800e+000
  4.2500000000000000e+001  1.2813433185163190e-032  1.0000019809091369e+000
  4.3000000000000000e+001  2.2451190374861720e-032  1.0000015427335871e+000
  4.3500000000000000e+001  3.9463784944940116e-032  1.0000012014821256e+000
  4.4000000000000000e+001  6.9571393495286245e-032  1.0000009357152202e+000
  4.4500000000000000e+001  1.2297917465384416e-031  1.0000007287357462e+000
  4.5000000000000000e+001  2.1792452234216875e-031  1.0000005675399699e+000
  4.5500000000000000e+001  3.8704975846781840e-031  1.0000004420005728e+000
  4.6000000000000000e+001  6.8886371464300701e-031  1.0000003442303920e+000
  4.6500000000000000e+001  1.2283773985739411e-030  1.0000002680868989e+000
  4.7000000000000000e+001  2.1942925452677905e-030  1.0000002087862869e+000
  4.7500000000000000e+001  3.9260802163566483e-030  1.0000001626029238e+000
  4.8000000000000000e+001  7.0350719287482340e-030  1.0000001266352845e+000
  4.8500000000000000e+001  1.2623218822280699e-029  1.0000000986236588e+000
  4.9000000000000000e+001  2.2678567473958067e-029  1.0000000768081827e+000
  4.9500000000000000e+001  4.0790660774724076e-029  1.0000000598182730e+000
  5.0000000000000000e+001  7.3445427929929961e-029  1.0000000465865178e+000
  5.0500000000000000e+001  1.3237022239075572e-028  1.0000000362816166e+000
  5.1000000000000000e+001  2.3878277320258723e-028  1.0000000282561514e+000
  5.1500000000000000e+001  4.3109332330637519e-028  1.0000000220059129e+000
  5.2000000000000000e+001  7.7887225785621858e-028  1.0000000171382222e+000
  5.2500000000000000e+001  1.4081897896849127e-027  1.0000000133472609e+000
  5.3000000000000000e+001  2.5476027932951125e-027  1.0000000103948572e+000
  5.3500000000000000e+001  4.6116395569135028e-027  1.0000000080955231e+000
  5.4000000000000000e+001  8.3524038227028674e-027  1.0000000063047996e+000
  5.4500000000000000e+001  1.5134955718796217e-026  1.0000000049101827e+000
  5.5000000000000000e+001  2.7437653556253830e-026  1.0000000038240544e+000
  5.5500000000000000e+001  4.9761440144414778e-026  1.0000000029781766e+000
  5.6000000000000000e+001  9.0282669471271631e-026  1.0000000023194062e+000
  5.6500000000000000e+001  1.6385807057250136e-025  1.0000000018063553e+000
  5.7000000000000000e+001  2.9748898505806241e-025  1.0000000014067909e+000
  5.7500000000000000e+001  5.4025920506294365e-025  1.0000000010956096e+000
  5.8000000000000000e+001  9.8141172693587747e-025  1.0000000008532617e+000
  5.8500000000000000e+001  1.7832346557773967e-024  1.0000000006645209e+000
  5.9000000000000000e+001  3.2408961690293685e-024  1.0000000005175294e+000
  5.9500000000000000e+001  5.8913253967035228e-024  1.0000000004030523e+000
  6.0000000000000000e+001  1.0711363024924684e-023  1.0000000003138976e+000
