  0.0000000000000000e+000  9.9999999999999995e-007  1.0000000000000000e+000
  0.0000000000000000e+000  9.9999999999999995e-007  1.0000000000000000e+000
  1.0000000000000000e-002  1.0120722891910569e-006  1.0000000000000000e+000
  1.0999999999999999e-001  1.1411083659438860e-006  1.0000000000000000e+000
  5.0000000000000000e-001  1.8221227013958778e-006  1.0005107142857144e+000
  7.5000000000000000e-001  2.4595981067920849e-006  1.0031998935914470e+000
  1.0000000000000000e+000  3.3200099406932097e-006  1.0065349002819337e+000
  1.5000000000000000e+000  6.0479567447790655e-006  1.0162731159809901e+000
  2.0000000000000000e+000  1.1011620722411690e-005  1.0330607224038657e+000
  2.5000000000000000e+000  2.0028269141615928e-005  1.0629275343119748e+000
  3.0000000000000000e+000  3.6357241001042464e-005  1.1168487007085313e+000
  3.5000000000000000e+000  6.5763405898888218e-005  1.2148902342446708e+000
  4.0000000000000000e+000  1.1817750581625652e-004  1.3939051691210187e+000
  4.5000000000000000e+000  2.0984042565595150e-004  1.7219948618272201e+000
  5.0000000000000000e+000  3.6452837371238897e-004  2.3261025503968629e+000
  5.5000000000000000e+000  6.0828205136766807e-004  3.4452230481427941e+000
  6.0000000000000000e+000  9.4242576640236973e-004  5.5305116105986230e+000
  6.5000000000000000e+000  1.2723717105642394e-003  9.4049561911828157e+000
  7.0000000000000000e+000  1.3308893459298345e-003  1.6342282474436960e+001
  7.5000000000000000e+000  8.7666275751131090e-004  2.7224723933762334e+001
  8.0000000000000000e+000  2.6688439467733205e-004  3.9100765515846049e+001
  8.2500000000000000e+000  9.9632437697525113e-005  4.2675856338280468e+001
  8.5000000000000000e+000  2.7994542873801390e-005  4.3348370372036101e+001
  8.7500000000000000e+000  6.0927044787231007e-006  4.1334624998362152e+001
  9.0000000000000000e+000  1.1149146894893033e-006  3.7763507362680322e+001
  9.2500000000000000e+000  1.9315014456334128e-007  3.3782452664507389e+001
  9.5000000000000000e+000  3.5189677064350449e-008  3.0005071137905986e+001
  9.7500000000000000e+000  7.1242432149038255e-009  2.6610522671802578e+001
  1.0000000000000000e+001  1.6171970444915938e-009  2.3603542651199870e+001
  1.0500000000000000e+001  2.5187271379094088e-008  1.8604037579255209e+001
  1.1000000000000000e+001  4.4783501908400280e-007  1.4710011596248707e+001
  1.1250000000000000e+001  1.2504248178938035e-007  1.3090267667297301e+001
  1.1500000000000000e+001  3.3811733294123505e-008  1.1676676651570794e+001
  1.1750000000000000e+001  8.7228889198303688e-009  1.0427145209889531e+001
  1.2000000000000000e+001  2.1236304492015476e-009  9.3208320687918036e+000
  1.2500000000000000e+001  2.4234870127148850e-008  7.4805919496756639e+000
  1.3000000000000000e+001  2.0096238129829322e-007  6.0470311720986150e+000
  1.3500000000000000e+001  1.1442359732283172e-006  4.9301128957789020e+000
  1.3750000000000000e+001  1.9787517822563073e-007  4.4503002218987397e+000
  1.4000000000000000e+001  3.4085193812645119e-008  4.0579338026829124e+000
  1.4250000000000000e+001  5.9331066675744474e-009  3.7124418253037161e+000
  1.4500000000000000e+001  1.0557459528256818e-009  3.3961192255858652e+000
  1.5000000000000000e+001  1.5339131884577669e-009  2.8665219459211215e+000
  1.5500000000000000e+001  1.3485372593208936e-009  2.4536529702571572e+000
  1.6000000000000000e+001  7.1906129397763069e-010  2.1321172778095296e+000
  1.6500000000000000e+001  2.4114862666391487e-010  1.8817068310400786e+000
  1.7000000000000000e+001  5.5597637386196353e-011  1.6866820635502948e+000
  1.7500000000000000e+001  1.0170239464982124e-011  1.5347915231660638e+000
  1.8000000000000000e+001  1.7304589367340571e-012  1.4164968141953276e+000
  1.8500000000000000e+001  3.0939379746164193e-013  1.3243682131455776e+000
  1.9000000000000000e+001  6.2185074834608856e-014  1.2526182676122271e+000
  1.9500000000000000e+001  1.4439474500534579e-014  1.1967393289616155e+000
  2.0000000000000000e+001  3.8957526716672249e-015  1.1532207599626640e+000
  2.0500000000000000e+001  1.2162757189256469e-015  1.1193284602301881e+000
  2.1000000000000000e+001  4.3591514113831276e-016  1.0929331078169762e+000
  2.1500000000000000e+001  1.7769911591644419e-016  1.0723763845513314e+000
  2.2000000000000000e+001  8.1623111090766346e-017  1.0563667907285188e+000
  2.2500000000000000e+001  4.1866217234487964e-017  1.0438985052454404e+000
  2.3000000000000000e+001  2.3775908167932148e-017  1.0341881937544017e+000
  2.3500000000000000e+001  1.4831246288627729e-017  1.0266257947882405e+000
  2.4000000000000000e+001  1.0087279819783325e-017  1.0207361919496001e+000
  2.4500000000000000e+001  7.4293483300498770e-018  1.0161493641782000e+000
  2.5000000000000000e+001  5.8878287724030895e-018  1.0125771387530356e+000
  2.5500000000000000e+001  4.9916559974339503e-018  1.0097950865103733e+000
  2.6000000000000000e+001  4.5026927014712500e-018  1.0076284218238856e+000
  2.6500000000000000e+001  4.3000529088628617e-018  1.0059410214970066e+000
  2.7000000000000000e+001  4.3276719019879917e-018  1.0046268726668239e+000
  2.7500000000000000e+001  4.5706329902584501e-018  1.0036034124242499e+000
  2.8000000000000000e+001  5.0460079470175069e-018  1.0028063407044645e+000
  2.8500000000000000e+001  5.8024551053668077e-018  1.0021855805615190e+000
  2.9000000000000000e+001  6.9268381877673527e-018  1.0017021320267101e+000
  2.9500000000000000e+001  8.5585387359790516e-018  1.0013256218907700e+000
  3.0000000000000000e+001  1.0914236036487514e-017  1.0010323954721205e+000
  3.0500000000000000e+001  1.4328529465831703e-017  1.0008040304843442e+000
  3.1000000000000000e+001  1.9319673315711955e-017  1.0006261796348894e+000
  3.1500000000000000e+001  2.6695982928947721e-017  1.0004876692399431e+000
  3.2000000000000000e+001  3.7728916243477177e-017  1.0003797972249171e+000
  3.2500000000000000e+001  5.4436403894412468e-017  1.0002957864066215e+000
  3.3000000000000000e+001  8.0049773237004437e-017  1.0002303587089518e+000
  3.3500000000000000e+001  1.1978834777794372e-016  1.0001794035616995e+000
  3.4000000000000000e+001  1.8215268622159368e-016  1.0001397196492650e+000
  3.4500000000000000e+001  2.8109686768796410e-016  1.0001088137843357e+000
  3.5000000000000000e+001  4.3969833842163086e-016  1.0000847442705438e+000
  3.5500000000000000e+001  6.9639134709069510e-016  1.0000659989131842e+000
  3.6000000000000000e+001  1.1156086990552502e-015  1.0000514000138798e+000
  3.6500000000000000e+001  1.8060361392206369e-015  1.0000400303803909e+000
  3.7000000000000000e+001  2.9520649298594897e-015  1.0000311757030607e+000
  3.7500000000000000e+001  4.8682111721675934e-015  1.0000242796776662e+000
  3.8000000000000000e+001  8.0936385539074613e-015  1.0000189090552671e+000
  3.8500000000000000e+001  1.3556933045574352e-014  1.0000147264233619e+000
  3.9000000000000000e+001  2.2864311165332766e-014  1.0000114690084558e+000
  3.9500000000000000e+001  3.8805305983434590e-014  1.0000089321685710e+000
  4.0000000000000000e+001  6.6242617317689072e-014  1.0000069565390928e+000
  4.0500000000000000e+001  1.1368219638745910e-013  1.0000054180252493e+000
  4.1000000000000000e+001  1.9605048874933538e-013  1.0000042200140353e+000
  4.1500000000000000e+001  3.3961833427765004e-013  1.0000032873190237e+000
  4.2000000000000000e+001  5.9074948136374176e-013  1.0000025614824988e+000
  4.2500000000000000e+001  1.0314752731009444e-012  1.0000019971484049e+000
  4.3000000000000000e+001  1.8072725342625069e-012  1.0000015592936333e+000
  4.3500000000000000e+001  3.1766900547995752e-012  1.0000012211711853e+000
  4.4000000000000000e+001  5.6001471576571347e-012  1.0000009628851201e+000
  4.4500000000000000e+001  9.8990535545176864e-012  1.0000007705957257e+000
  4.5000000000000000e+001  1.7541318687145743e-011  1.0000006364626830e+000
  4.5500000000000000e+001  3.1154270882228397e-011  1.0000005596057504e+000
  4.6000000000000000e+001  5.5447162077143216e-011  1.0000005486521011e+000
  4.6500000000000000e+001  9.8872057928699722e-011  1.0000006269457071e+000
  4.7000000000000000e+001  1.7661699986880192e-010  1.0000008423945383e+000
  4.7500000000000000e+001  3.1600488532268108e-010  1.0000012855457769e+000
  4.8000000000000000e+001  5.6623956760810536e-010  1.0000021223856916e+000
  4.8500000000000000e+001  1.0160127840612695e-009  1.0000036536045049e+000
  4.9000000000000000e+001  1.8253340970068364e-009  1.0000064215394493e+000
  4.9500000000000000e+001  3.2831097971378680e-009  1.0000114031377747e+000
  5.0000000000000000e+001  5.9113611271558855e-009  1.0000203582749807e+000
  5.0500000000000000e+001  1.0653960536232459e-008  1.0000364588790485e+000
  5.1000000000000000e+001  1.9218593654969703e-008  1.0000654259661388e+000
  5.1500000000000000e+001  3.4696614897199399e-008  1.0001175859330764e+000
  5.2000000000000000e+001  6.2687061022305865e-008  1.0002115915210883e+000
  5.2500000000000000e+001  1.1333554844234742e-007  1.0003811588699774e+000
  5.3000000000000000e+001  2.0503365178900609e-007  1.0006872718456465e+000
  5.3500000000000000e+001  3.7113201494929430e-007  1.0012403015282361e+000
  5.4000000000000000e+001  6.7212196093672858e-007  1.0022401157164307e+000
  5.4500000000000000e+001  1.2177330402846914e-006  1.0040488457177525e+000
  5.5000000000000000e+001  2.2069846756293338e-006  1.0073229706192548e+000
  5.5500000000000000e+001  4.0006528176419577e-006  1.0132532261731655e+000
  5.6000000000000000e+001  7.2519416752205704e-006  1.0240007308952248e+000
  5.6500000000000000e+001  1.3140601063821339e-005  1.0434908124050397e+000
  5.7000000000000000e+001  2.3787328932173702e-005  1.0788608099336408e+000
  5.7500000000000000e+001  4.2970494315704068e-005  1.1431093642732864e+000
  5.8000000000000000e+001  7.7310036728319987e-005  1.2599708997385390e+000
  5.8500000000000000e+001  1.3803807814144559e-004  1.4729632264776744e+000
  5.9000000000000000e+001  2.4302643877714762e-004  1.8623964493207625e+000
  5.9500000000000000e+001  4.1693931310379914e-004  2.5778152800626146e+000
  6.0000000000000000e+001  6.8207693432651686e-004  3.9001072329205630e+000
