  0.0000000000000000e+000  2.0000000000000000e+000
  7.5238109787884012e-004  1.9999474072993444e+000
  1.5047621957576802e-003  1.9998041389577403e+000
  2.2571432936365201e-003  1.9995883335234947e+000
  3.0095243915153605e-003  1.9993145738545313e+000
  3.7619054893942004e-003  1.9989947874978304e+000
  4.5142865872730403e-003  1.9986385894492480e+000
  5.2666676851518806e-003  1.9982533946299939e+000
  6.0190487830307209e-003  1.9978446274160471e+000
  6.7714298809095604e-003  1.9974163555567863e+000
  7.5238109787884007e-003  1.9969726758191162e+000
  8.2680771738400625e-003  1.9965225055541780e+000
  9.0123433688917235e-003  1.9960628829217257e+000
  9.7566095639433845e-003  1.9955956399619288e+000
  1.0500875758995045e-002  1.9951222526688734e+000
  1.1245141954046706e-002  1.9946439302753125e+000
  1.1989408149098367e-002  1.9941616498603087e+000
  1.2733674344150028e-002  1.9936761682690507e+000
  1.3477940539201691e-002  1.9931880433341165e+000
  1.4222206734253350e-002  1.9926976963874630e+000
  1.4966472929305013e-002  1.9922055480524175e+000
  1.5959118938917920e-002  1.9915470125846446e+000
  1.6951764948530828e-002  1.9908864567563647e+000
  1.7944410958143735e-002  1.9902242869432099e+000
  1.8937056967756646e-002  1.9895608136668059e+000
  1.9929702977369554e-002  1.9888962938472292e+000
  2.0922348986982461e-002  1.9882309295524232e+000
  2.1914994996595369e-002  1.9875648512122377e+000
  2.2907641006208276e-002  1.9868981132647543e+000
  2.3900287015821184e-002  1.9862307302025646e+000
  2.4892933025434091e-002  1.9855627809866665e+000
  2.6219100756719807e-002  1.9846697041513726e+000
  2.7545268488005526e-002  1.9837758185440024e+000
  2.8871436219291245e-002  1.9828811558052062e+000
  3.0197603950576961e-002  1.9819857407346617e+000
  3.1523771681862676e-002  1.9810896096643971e+000
  3.2849939413148399e-002  1.9801927974779452e+000
  3.4176107144434115e-002  1.9792953145862231e+000
  3.5502274875719830e-002  1.9783971351710243e+000
  3.6828442607005546e-002  1.9774982180070120e+000
  3.8154610338291262e-002  1.9765985811731035e+000
  4.0205258111873594e-002  1.9752061647976056e+000
  4.2255905885455927e-002  1.9738121019936370e+000
  4.4306553659038260e-002  1.9724163733272775e+000
  4.6357201432620600e-002  1.9710189669445202e+000
  4.8407849206202933e-002  1.9696198979156379e+000
  5.0458496979785265e-002  1.9682191883196662e+000
  5.2509144753367598e-002  1.9668168351956490e+000
  5.4559792526949938e-002  1.9654127934872825e+000
  5.6610440300532264e-002  1.9640070011076087e+000
  5.8661088074114603e-002  1.9625994732503973e+000
  6.1418877859662206e-002  1.9607045862405006e+000
  6.4176667645209809e-002  1.9588056139366912e+000
  6.6934457430757419e-002  1.9569052262504114e+000
  6.9692247216305028e-002  1.9550044464637775e+000
  7.2450037001852624e-002  1.9530995137260228e+000
  7.5207826787400234e-002  1.9511855355770402e+000
  7.7965616572947843e-002  1.9492621451474301e+000
  8.0723406358495439e-002  1.9473363776844588e+000
  8.3481196144043049e-002  1.9454179810533399e+000
  8.6238985929590645e-002  1.9435023748632438e+000
  8.8996775715138254e-002  1.9415715148851107e+000
  9.1754565500685850e-002  1.9396429657385259e+000
  9.4512355286233460e-002  1.9377013719152909e+000
  9.7270145071781070e-002  1.9357407378082074e+000
  1.0002793485732867e-001  1.9337824598756668e+000
  1.0278572464287627e-001  1.9318544542003147e+000
  1.0554351442842388e-001  1.9299587714819284e+000
  1.0830130421397148e-001  1.9280550915046366e+000
  1.1105909399951909e-001  1.9260874891186184e+000
  1.1381688378506669e-001  1.9240818637764139e+000
  1.1608285018317951e-001  1.9224714819372948e+000
  1.1834881658129234e-001  1.9208571913489683e+000
  1.2061478297940516e-001  1.9192439786700577e+000
  1.2288074937751799e-001  1.9176338378616054e+000
  1.2514671577563080e-001  1.9160195672256295e+000
  1.2741268217374363e-001  1.9143916983499385e+000
  1.2967864857185646e-001  1.9127493667384363e+000
  1.3194461496996929e-001  1.9111059339061685e+000
  1.3421058136808212e-001  1.9094801707183422e+000
  1.3647654776619494e-001  1.9078638117525666e+000
  1.3874251416430777e-001  1.9062289824933345e+000
  1.4100848056242060e-001  1.9045923191662921e+000
  1.4327444696053343e-001  1.9029517095659334e+000
  1.4554041335864626e-001  1.9013062988235836e+000
  1.4780637975675906e-001  1.8996591383368058e+000
  1.5007234615487189e-001  1.8980142460925582e+000
  1.5233831255298472e-001  1.8963719855132490e+000
  1.5460427895109755e-001  1.8947266699548220e+000
  1.5687024534921037e-001  1.8930702999860176e+000
  1.5913621174732320e-001  1.8914063405779464e+000
  1.6178883904453606e-001  1.8894645762579840e+000
  1.6444146634174889e-001  1.8875168344978221e+000
  1.6709409363896174e-001  1.8855699598556712e+000
  1.6974672093617460e-001  1.8836266551689267e+000
  1.7239934823338743e-001  1.8816772706445613e+000
  1.7505197553060028e-001  1.8797091637827330e+000
  1.7770460282781314e-001  1.8777212918492285e+000
  1.8035723012502597e-001  1.8757316986123567e+000
  1.8300985742223883e-001  1.8737655570599119e+000
  1.8566248471945168e-001  1.8718114298118234e+000
  1.8831511201666454e-001  1.8698302915710521e+000
  1.9096773931387737e-001  1.8678484944992779e+000
  1.9362036661109022e-001  1.8658571970013786e+000
  1.9627299390830308e-001  1.8638528590634775e+000
  1.9892562120551591e-001  1.8618478875147522e+000
  2.0157824850272876e-001  1.8598585755594226e+000
  2.0423087579994162e-001  1.8578862640299461e+000
  2.0688350309715448e-001  1.8559076518124493e+000
  2.0953613039436730e-001  1.8538901828954224e+000
  2.1218875769158016e-001  1.8518484374927078e+000
  2.1510816385450560e-001  1.8496348821961606e+000
  2.1802757001743106e-001  1.8474043517023444e+000
  2.2094697618035650e-001  1.8451904734201632e+000
  2.2386638234328196e-001  1.8430064971394073e+000
  2.2678578850620740e-001  1.8408052906305319e+000
  2.2970519466913286e-001  1.8385251737947019e+000
  2.3262460083205830e-001  1.8361612624652837e+000
  2.3554400699498373e-001  1.8338019929619629e+000
  2.3846341315790920e-001  1.8315704984986736e+000
  2.4138281932083464e-001  1.8294105085465175e+000
  2.4410332399267393e-001  1.8272907570118402e+000
  2.4682382866451322e-001  1.8251743538581142e+000
  2.4954433333635251e-001  1.8230379655344309e+000
  2.5226483800819177e-001  1.8208722284307324e+000
  2.5498534268003109e-001  1.8187102117283303e+000
  2.5770584735187035e-001  1.8165953904255498e+000
  2.6042635202370967e-001  1.8145315112994580e+000
  2.6314685669554894e-001  1.8124567345646414e+000
  2.6586736136738826e-001  1.8102844339899964e+000
  2.6858786603922752e-001  1.8080530382344917e+000
  2.7131380552652040e-001  1.8058880275646629e+000
  2.7403974501381334e-001  1.8037134990573296e+000
  2.7676568450110622e-001  1.8015439719753386e+000
  2.7949162398839911e-001  1.7993852485049602e+000
  2.8221756347569205e-001  1.7972164269524005e+000
  2.8494350296298493e-001  1.7950100292181721e+000
  2.8766944245027781e-001  1.7927635617555291e+000
  2.9039538193757075e-001  1.7905158292191654e+000
  2.9312132142486363e-001  1.7883213200103789e+000
  2.9584726091215652e-001  1.7861559829249045e+000
  2.9883302352399693e-001  1.7837239345094844e+000
  3.0181878613583729e-001  1.7812925691278849e+000
  3.0480454874767771e-001  1.7788416919980836e+000
  3.0779031135951812e-001  1.7763632011602946e+000
  3.1077607397135848e-001  1.7738855156096998e+000
  3.1376183658319889e-001  1.7714459804897171e+000
  3.1674759919503931e-001  1.7690477232770510e+000
  3.1973336180687972e-001  1.7666374348897653e+000
  3.2271912441872008e-001  1.7641405496496272e+000
  3.2570488703056050e-001  1.7615902980299614e+000
  3.2877148168388615e-001  1.7590329612396616e+000
  3.3183807633721180e-001  1.7564611451605259e+000
  3.3490467099053750e-001  1.7538961065694203e+000
  3.3797126564386315e-001  1.7513463051425653e+000
  3.4103786029718880e-001  1.7487814825628203e+000
  3.4410445495051445e-001  1.7461619031746232e+000
  3.4717104960384010e-001  1.7434840913997032e+000
  3.5023764425716580e-001  1.7408044011266879e+000
  3.5330423891049145e-001  1.7382017522877238e+000
  3.5637083356381710e-001  1.7356408698352324e+000
  3.5953336808291608e-001  1.7329195775007968e+000
  3.6269590260201506e-001  1.7301957419333787e+000
  3.6585843712111404e-001  1.7274517043917808e+000
  3.6902097164021302e-001  1.7246803350319817e+000
  3.7218350615931201e-001  1.7219065645300085e+000
  3.7534604067841099e-001  1.7191631976833357e+000
  3.7850857519751002e-001  1.7164530320162779e+000
  3.8167110971660900e-001  1.7137293044148374e+000
  3.8483364423570798e-001  1.7109264888164764e+000
  3.8799617875480696e-001  1.7080734679802729e+000
  3.9141577612862949e-001  1.7050432486814207e+000
  3.9483537350245207e-001  1.7019931464918705e+000
  3.9825497087627459e-001  1.6989489400130215e+000
  4.0167456825009717e-001  1.6959208380597097e+000
  4.0509416562391970e-001  1.6928721594474194e+000
  4.0851376299774228e-001  1.6897547737444596e+000
  4.1193336037156481e-001  1.6865644844658954e+000
  4.1535295774538739e-001  1.6833695361860106e+000
  4.1877255511920991e-001  1.6802654270460904e+000
  4.2219215249303249e-001  1.6772092081343031e+000
  4.2568515343556640e-001  1.6739890003023232e+000
  4.2917815437810031e-001  1.6707619154526423e+000
  4.3267115532063416e-001  1.6675097360847615e+000
  4.3616415626316807e-001  1.6642250502808915e+000
  4.3965715720570198e-001  1.6609334582000848e+000
  4.4315015814823588e-001  1.6576686821957294e+000
  4.4664315909076979e-001  1.6544335564761599e+000
  4.5013616003330370e-001  1.6511798722281525e+000
  4.5362916097583761e-001  1.6478400541230656e+000
  4.5712216191837146e-001  1.6444436441253856e+000
  4.6101574637148496e-001  1.6407111855748289e+000
  4.6490933082459851e-001  1.6369487445439310e+000
  4.6880291527771201e-001  1.6331896344327756e+000
  4.7269649973082556e-001  1.6294469445178248e+000
  4.7659008418393906e-001  1.6256730847905865e+000
  4.8048366863705255e-001  1.6218056741254474e+000
  4.8437725309016610e-001  1.6178391978344668e+000
  4.8827083754327960e-001  1.6138618606669186e+000
  4.9216442199639315e-001  1.6099970613113801e+000
  4.9605800644950665e-001  1.6061889144581585e+000
  4.9999962380565260e-001  1.6022038594442389e+000
  5.0394124116179850e-001  1.5982018384812844e+000
  5.0788285851794446e-001  1.5941664266775868e+000
  5.1182447587409041e-001  1.5900907701445601e+000
  5.1576609323023626e-001  1.5859975768990586e+000
  5.1970771058638221e-001  1.5819168623626381e+000
  5.2364932794252816e-001  1.5778509948555974e+000
  5.2759094529867412e-001  1.5737565864836247e+000
  5.3153256265481996e-001  1.5695727748148831e+000
  5.3547418001096592e-001  1.5653254407453647e+000
  5.4028106247492280e-001  1.5601895927340534e+000
  5.4508794493887969e-001  1.5549872235177244e+000
  5.4989482740283657e-001  1.5497924157537526e+000
  5.5470170986679346e-001  1.5446338229220302e+000
  5.5950859233075034e-001  1.5394054232097680e+000
  5.6431547479470712e-001  1.5339686054170736e+000
  5.6912235725866400e-001  1.5283111727962639e+000
  5.7392923972262089e-001  1.5226288507378525e+000
  5.7873612218657777e-001  1.5171948842161640e+000
  5.8354300465053466e-001  1.5118833109075223e+000
  5.8808329443503171e-001  1.5066006260343618e+000
  5.9262358421952888e-001  1.5012742435489042e+000
  5.9716387400402593e-001  1.4958926772891339e+000
  6.0170416378852309e-001  1.4904504795903837e+000
  6.0624445357302015e-001  1.4849619750312724e+000
  6.1078474335751720e-001  1.4794464298398817e+000
  6.1532503314201437e-001  1.4739045357208524e+000
  6.1986532292651142e-001  1.4683060868640805e+000
  6.2440561271100858e-001  1.4626087288956897e+000
  6.2894590249550564e-001  1.4568276585319671e+000
  6.3452173562476921e-001  1.4496946981409240e+000
  6.4009756875403279e-001  1.4424567049418997e+000
  6.4567340188329625e-001  1.4351427868772442e+000
  6.5124923501255982e-001  1.4277618378483523e+000
  6.5682506814182340e-001  1.4202631031923523e+000
  6.6240090127108697e-001  1.4125810760472910e+000
  6.6797673440035055e-001  1.4047055293528656e+000
  6.7355256752961412e-001  1.3967174882337423e+000
  6.7912840065887758e-001  1.3887319475125022e+000
  6.8470423378814116e-001  1.3806881390992631e+000
  6.9028006691740473e-001  1.3724041855996616e+000
  6.9585590004666831e-001  1.3639690489280607e+000
  7.0143173317593177e-001  1.3553802002911257e+000
  7.0700756630519535e-001  1.3466307715111803e+000
  7.1258339943445892e-001  1.3377034264526586e+000
  7.1815923256372249e-001  1.3285776660344693e+000
  7.2373506569298607e-001  1.3192410068326341e+000
  7.2931089882224964e-001  1.3096944732775628e+000
  7.3488673195151311e-001  1.2999428434503175e+000
  7.4046256508077668e-001  1.2899600884822338e+000
  7.4848025438425714e-001  1.2751322378237091e+000
  7.5649794368773748e-001  1.2596787334955430e+000
  7.6451563299121794e-001  1.2435855118451080e+000
  7.7253332229469829e-001  1.2267852208919847e+000
  7.8055101159817875e-001  1.2090820220105858e+000
  7.8856870090165920e-001  1.1902274072905796e+000
  7.9658639020513955e-001  1.1700383163425268e+000
  8.0460407950862001e-001  1.1484488363161434e+000
  8.1262176881210035e-001  1.1253867688986126e+000
  8.2063945811558081e-001  1.1003663480603498e+000
  8.2492599697157698e-001  1.0858564656116105e+000
  8.2921253582757304e-001  1.0704956495006930e+000
  8.3349907468356921e-001  1.0541544606266851e+000
  8.3778561353956538e-001  1.0366755737277749e+000
  8.4207215239556155e-001  1.0178689444858917e+000
  8.4635869125155760e-001  9.9749579459711712e-001
  8.5064523010755377e-001  9.7524422803558641e-001
  8.5493176896354994e-001  9.5069929173861023e-001
  8.5921830781954600e-001  9.2331029394072872e-001
  8.6350484667554217e-001  8.9235819338442535e-001
  8.6608114137076142e-001  8.7164631520832281e-001
  8.6865743606598078e-001  8.4901640386533073e-001
  8.7123373076120003e-001  8.2410495304960130e-001
  8.7381002545641939e-001  7.9646234103015268e-001
  8.7638632015163864e-001  7.6553715736703576e-001
  8.7896261484685800e-001  7.3061757800497051e-001
  8.8153890954207725e-001  6.9074298745612206e-001
  8.8411520423729661e-001  6.4459904678360225e-001
  8.8669149893251586e-001  5.9040940609737724e-001
  8.8926779362773523e-001  5.2583726027415567e-001
  8.9053069548937269e-001  4.8947984311129278e-001
  8.9179359735101016e-001  4.4937150941675524e-001
  8.9305649921264763e-001  4.0493468920681119e-001
  8.9431940107428509e-001  3.5548413131686696e-001
  8.9558230293592256e-001  3.0019962090662033e-001
  8.9684520479755991e-001  2.3811534429508407e-001
  8.9810810665919738e-001  1.6812081855718075e-001
  8.9937100852083485e-001  8.8968303313725794e-002
  9.0063391038247231e-001  -7.1838785357636326e-004
  9.0189681224410978e-001  -1.0243875893030807e-001
  9.0269201677199529e-001  -1.7334833203704658e-001
  9.0348722129988068e-001  -2.4992179388284064e-001
  9.0428242582776619e-001  -3.3239903825786166e-001
  9.0507763035565170e-001  -4.2089389682605638e-001
  9.0587283488353720e-001  -5.1532589714139843e-001
  9.0666803941142260e-001  -6.1536555222171507e-001
  9.0746324393930811e-001  -7.2038922735187938e-001
  9.0825844846719361e-001  -8.2943962978779040e-001
  9.0905365299507901e-001  -9.4118796703304752e-001
  9.0984885752296452e-001  -1.0538938193598510e+000
  9.1054654589335149e-001  -1.1519536097757457e+000
  9.1124423426373846e-001  -1.2477237087354649e+000
  9.1194192263412543e-001  -1.3398199130675601e+000
  9.1263961100451241e-001  -1.4269402405932845e+000
  9.1333729937489938e-001  -1.5079053811181891e+000
  9.1403498774528635e-001  -1.5818088360919029e+000
  9.1473267611567333e-001  -1.6481724795722219e+000
  9.1543036448606019e-001  -1.7070032731296085e+000
  9.1612805285644716e-001  -1.7586468673282751e+000
  9.1682574122683413e-001  -1.8033338224198330e+000
  9.1752186830102811e-001  -1.8411856443809711e+000
  9.1821799537522208e-001  -1.8731610411304527e+000
  9.1891412244941595e-001  -1.8999386643004872e+000
  9.1961024952360992e-001  -1.9221908705071928e+000
  9.2030637659780390e-001  -1.9405528325102226e+000
  9.2100250367199787e-001  -1.9556083673784004e+000
  9.2169863074619185e-001  -1.9678854795651211e+000
  9.2239475782038582e-001  -1.9778546167973530e+000
  9.2309088489457969e-001  -1.9859226366820539e+000
  9.2378701196877366e-001  -1.9924154819338225e+000
  9.2443646835916859e-001  -1.9972855054469509e+000
  9.2508592474956353e-001  -2.0012198861121284e+000
  9.2573538113995846e-001  -2.0043799446182629e+000
  9.2638483753035350e-001  -2.0069005838638603e+000
  9.2703429392074843e-001  -2.0088945182307110e+000
  9.2768375031114336e-001  -2.0104553816681681e+000
  9.2833320670153829e-001  -2.0116602190107962e+000
  9.2898266309193323e-001  -2.0125718649521640e+000
  9.2963211948232816e-001  -2.0132417150975623e+000
  9.3028157587272320e-001  -2.0137133935184206e+000
  9.3098387436049890e-001  -2.0140428836148576e+000
  9.3168617284827449e-001  -2.0142193828494634e+000
  9.3238847133605018e-001  -2.0142722073165555e+000
  9.3309076982382588e-001  -2.0142251694795852e+000
  9.3379306831160147e-001  -2.0140978533043761e+000
  9.3449536679937717e-001  -2.0139061820736739e+000
  9.3519766528715276e-001  -2.0136626839293466e+000
  9.3589996377492846e-001  -2.0133768601885942e+000
  9.3660226226270415e-001  -2.0130560614805053e+000
  9.3730456075047974e-001  -2.0127072767493148e+000
  9.3798923463982875e-001  -2.0123465093830548e+000
  9.3867390852917776e-001  -2.0119685918744459e+000
  9.3935858241852677e-001  -2.0115767127147750e+000
  9.4004325630787577e-001  -2.0111734713274583e+000
  9.4072793019722478e-001  -2.0107610126757995e+000
  9.4141260408657379e-001  -2.0103410883033481e+000
  9.4209727797592280e-001  -2.0099150857156425e+000
  9.4278195186527181e-001  -2.0094840680121311e+000
  9.4346662575462081e-001  -2.0090488656770531e+000
  9.4415129964396982e-001  -2.0086102624380753e+000
  9.4503794768000948e-001  -2.0080383515004114e+000
  9.4592459571604925e-001  -2.0074628465461042e+000
  9.4681124375208892e-001  -2.0068845125763319e+000
  9.4769789178812869e-001  -2.0063039438182084e+000
  9.4858453982416835e-001  -2.0057216237437765e+000
  9.4947118786020812e-001  -2.0051379331359733e+000
  9.5035783589624778e-001  -2.0045531387296069e+000
  9.5124448393228744e-001  -2.0039673949553856e+000
  9.5213113196832722e-001  -2.0033807913150397e+000
  9.5301778000436688e-001  -2.0027934779155787e+000
  9.5417248310192804e-001  -2.0020278182237248e+000
  9.5532718619948931e-001  -2.0012613226548956e+000
  9.5648188929705047e-001  -2.0004940827517990e+000
  9.5763659239461174e-001  -1.9997261673866904e+000
  9.5879129549217290e-001  -1.9989576430696447e+000
  9.5994599858973406e-001  -1.9981885654086902e+000
  9.6110070168729533e-001  -1.9974189609920145e+000
  9.6225540478485649e-001  -1.9966488189624361e+000
  9.6341010788241777e-001  -1.9958781115543454e+000
  9.6456481097997893e-001  -1.9951068628633177e+000
  9.6624636962013943e-001  -1.9939828446577037e+000
  9.6792792826029994e-001  -1.9928577625548747e+000
  9.6960948690046045e-001  -1.9917315979698260e+000
  9.7129104554062096e-001  -1.9906043427206168e+000
  9.7297260418078146e-001  -1.9894760281193402e+000
  9.7465416282094197e-001  -1.9883466950981459e+000
  9.7633572146110259e-001  -1.9872163461965104e+000
  9.7801728010126310e-001  -1.9860849202359598e+000
  9.7969883874142361e-001  -1.9849523305084416e+000
  9.8138039738158411e-001  -1.9838186073045474e+000
  9.8450558285728496e-001  -1.9817141411867931e+000
  9.8763076833298569e-001  -1.9795976693371771e+000
  9.9075595380868653e-001  -1.9774919189704108e+000
  9.9388113928438726e-001  -1.9754054736896443e+000
  9.9700632476008810e-001  -1.9733065451603908e+000
  1.0001315102357888e+000  -1.9711539811609486e+000
  1.0032566957114897e+000  -1.9689450652654816e+000
  1.0063818811871905e+000  -1.9667396634159222e+000
  1.0095070666628914e+000  -1.9646202726388600e+000
  1.0126322521385922e+000  -1.9625475271635779e+000
  1.0146494946553488e+000  -1.9611614123253760e+000
  1.0166667371721054e+000  -1.9597740597572819e+000
  1.0186839796888620e+000  -1.9583837240310922e+000
  1.0207012222056187e+000  -1.9569897047239431e+000
  1.0227184647223753e+000  -1.9555946039413254e+000
  1.0247357072391319e+000  -1.9542018433525432e+000
  1.0267529497558885e+000  -1.9528117505830320e+000
  1.0287701922726451e+000  -1.9514195248079520e+000
  1.0307874347894017e+000  -1.9500183913914682e+000
  1.0328046773061583e+000  -1.9486112554161346e+000
  1.0348219198229149e+000  -1.9472080377712899e+000
  1.0368391623396715e+000  -1.9458030077267690e+000
  1.0388564048564282e+000  -1.9443965773848837e+000
  1.0408736473731848e+000  -1.9429889058784615e+000
  1.0428908898899414e+000  -1.9415793482912851e+000
  1.0449081324066980e+000  -1.9401670603958781e+000
  1.0469253749234546e+000  -1.9387519524271482e+000
  1.0489426174402112e+000  -1.9373351851103946e+000
  1.0509598599569678e+000  -1.9359184011621922e+000
  1.0529771024737244e+000  -1.9345008854826591e+000
  1.0557071728511083e+000  -1.9325768684129563e+000
  1.0584372432284919e+000  -1.9306509457680801e+000
  1.0611673136058757e+000  -1.9287192790714884e+000
  1.0638973839832595e+000  -1.9267803538593602e+000
  1.0666274543606433e+000  -1.9248394919083256e+000
  1.0693575247380269e+000  -1.9229036494448528e+000
  1.0720875951154107e+000  -1.9209733360741383e+000
  1.0748176654927946e+000  -1.9190384891663625e+000
  1.0775477358701784e+000  -1.9170851384381562e+000
  1.0802778062475620e+000  -1.9151196954671383e+000
  1.0830078766249458e+000  -1.9131664274304381e+000
  1.0857379470023294e+000  -1.9112039296718659e+000
  1.0884680173797132e+000  -1.9092480178875577e+000
  1.0911980877570970e+000  -1.9073048925781926e+000
  1.0939281581344809e+000  -1.9053524071347383e+000
  1.0966582285118645e+000  -1.9033616172104029e+000
  1.0993882988892483e+000  -1.9013302806776198e+000
  1.1021183692666321e+000  -1.8992999774689006e+000
  1.1048484396440159e+000  -1.8973285186003810e+000
  1.1075785100213995e+000  -1.8953893136768967e+000
  1.1100092812995399e+000  -1.8936140891087416e+000
  1.1124400525776805e+000  -1.8918387529991483e+000
  1.1148708238558209e+000  -1.8900547964207168e+000
  1.1173015951339613e+000  -1.8882587986611197e+000
  1.1197323664121019e+000  -1.8864628507832533e+000
  1.1221631376902423e+000  -1.8846828545269281e+000
  1.1245939089683827e+000  -1.8829201925634895e+000
  1.1270246802465234e+000  -1.8811522661147673e+000
  1.1294554515246638e+000  -1.8793473959477449e+000
  1.1318862228028042e+000  -1.8775195827563411e+000
  1.1343169940809446e+000  -1.8757161920718091e+000
  1.1367477653590852e+000  -1.8739081265923836e+000
  1.1391785366372256e+000  -1.8721003826006837e+000
  1.1416093079153660e+000  -1.8702949538233715e+000
  1.1440400791935066e+000  -1.8684846177531096e+000
  1.1464708504716470e+000  -1.8666598808289698e+000
  1.1489016217497874e+000  -1.8648198725669518e+000
  1.1513323930279280e+000  -1.8629779787322722e+000
  1.1537631643060684e+000  -1.8611530036450847e+000
  1.1561939355842088e+000  -1.8593366517112875e+000
  1.1591827374998771e+000  -1.8570712794404092e+000
  1.1621715394155454e+000  -1.8548135938959354e+000
  1.1651603413312135e+000  -1.8525287464547049e+000
  1.1681491432468818e+000  -1.8502030356719519e+000
  1.1711379451625501e+000  -1.8478850788576593e+000
  1.1741267470782184e+000  -1.8456384285982028e+000
  1.1771155489938865e+000  -1.8434679213662468e+000
  1.1801043509095548e+000  -1.8412820453618484e+000
  1.1830931528252231e+000  -1.8389536147277319e+000
  1.1860819547408914e+000  -1.8365410372816895e+000
  1.1888630773752282e+000  -1.8344000390417383e+000
  1.1916442000095651e+000  -1.8322419208570231e+000
  1.1944253226439019e+000  -1.8301025488789124e+000
  1.1972064452782385e+000  -1.8279962107612657e+000
  1.1999875679125753e+000  -1.8258722606022406e+000
  1.2027686905469122e+000  -1.8236642183464029e+000
  1.2055498131812490e+000  -1.8213664747119778e+000
  1.2083309358155858e+000  -1.8190737527080816e+000
  1.2111120584499226e+000  -1.8169184768067785e+000
  1.2138931810842595e+000  -1.8148412008347985e+000
  1.2164898635248445e+000  -1.8127912721633437e+000
  1.2190865459654296e+000  -1.8107403774701836e+000
  1.2216832284060146e+000  -1.8086768936363087e+000
  1.2242799108465996e+000  -1.8065961411657787e+000
  1.2268765932871846e+000  -1.8045150418523070e+000
  1.2294732757277698e+000  -1.8024558650643252e+000
  1.2320699581683547e+000  -1.8004206705699022e+000
  1.2346666406089397e+000  -1.7983780558228859e+000
  1.2372633230495247e+000  -1.7962838156316430e+000
  1.2398600054901099e+000  -1.7941571221317665e+000
  1.2430205821582256e+000  -1.7916191563851915e+000
  1.2461811588263416e+000  -1.7890559616532054e+000
  1.2493417354944574e+000  -1.7865186311742765e+000
  1.2525023121625731e+000  -1.7840273303606913e+000
  1.2556628888306891e+000  -1.7815103731680941e+000
  1.2588234654988049e+000  -1.7788738964371753e+000
  1.2619840421669208e+000  -1.7761103757450662e+000
  1.2651446188350366e+000  -1.7733542263040087e+000
  1.2683051955031523e+000  -1.7707927324448574e+000
  1.2714657721712683e+000  -1.7683405492229829e+000
  1.2743150340325646e+000  -1.7659774100407983e+000
  1.2771642958938612e+000  -1.7636135367904879e+000
  1.2800135577551575e+000  -1.7612313106021145e+000
  1.2828628196164538e+000  -1.7588236282664864e+000
  1.2857120814777503e+000  -1.7564158914442862e+000
  1.2885613433390466e+000  -1.7540415351815268e+000
  1.2914106052003429e+000  -1.7517035906162011e+000
  1.2942598670616394e+000  -1.7493547767609967e+000
  1.2971091289229357e+000  -1.7469286162469424e+000
  1.2999583907842320e+000  -1.7444540699128495e+000
  1.3031720444622783e+000  -1.7417242452759563e+000
  1.3063856981403246e+000  -1.7389757439002773e+000
  1.3095993518183708e+000  -1.7362380633599070e+000
  1.3128130054964171e+000  -1.7335229243796442e+000
  1.3160266591744634e+000  -1.7307885022755551e+000
  1.3192403128525096e+000  -1.7279799010394552e+000
  1.3224539665305559e+000  -1.7250924013293303e+000
  1.3256676202086022e+000  -1.7222040136277261e+000
  1.3288812738866485e+000  -1.7194238678301279e+000
  1.3320949275646947e+000  -1.7167029705253540e+000
  1.3352773815185142e+000  -1.7139053132065072e+000
  1.3384598354723336e+000  -1.7111036289351196e+000
  1.3416422894261528e+000  -1.7082817896970575e+000
  1.3448247433799723e+000  -1.7054332607298257e+000
  1.3480071973337917e+000  -1.7025809728912606e+000
  1.3511896512876111e+000  -1.6997551237674653e+000
  1.3543721052414306e+000  -1.6969583493579745e+000
  1.3575545591952498e+000  -1.6941477081761322e+000
  1.3607370131490693e+000  -1.6912629196026647e+000
  1.3639194671028887e+000  -1.6883302983304345e+000
  1.3675203060683370e+000  -1.6850641993266069e+000
  1.3711211450337850e+000  -1.6817737335458161e+000
  1.3747219839992333e+000  -1.6784909860923316e+000
  1.3783228229646816e+000  -1.6752286300421266e+000
  1.3819236619301296e+000  -1.6719411056526703e+000
  1.3855245008955779e+000  -1.6685686696822191e+000
  1.3891253398610262e+000  -1.6651061725216314e+000
  1.3927261788264742e+000  -1.6616384208417319e+000
  1.3963270177919225e+000  -1.6582839834592453e+000
  1.3999278567573707e+000  -1.6549892981243346e+000
  1.4035211501765037e+000  -1.6515835954455407e+000
  1.4071144435956369e+000  -1.6481686984693367e+000
  1.4107077370147698e+000  -1.6447267907286032e+000
  1.4143010304339030e+000  -1.6412505858295079e+000
  1.4178943238530359e+000  -1.6377651336050565e+000
  1.4214876172721691e+000  -1.6343034590949148e+000
  1.4250809106913020e+000  -1.6308683420223005e+000
  1.4286742041104352e+000  -1.6274125444387242e+000
  1.4322674975295682e+000  -1.6238697942073814e+000
  1.4358607909487013e+000  -1.6202688319959764e+000
  1.4399891692798628e+000  -1.6161835371152649e+000
  1.4441175476110240e+000  -1.6120610499652812e+000
  1.4482459259421854e+000  -1.6079420187332314e+000
  1.4523743042733468e+000  -1.6038423508415143e+000
  1.4565026826045080e+000  -1.5997039410808234e+000
  1.4606310609356694e+000  -1.5954506727635007e+000
  1.4647594392668306e+000  -1.5910758138517977e+000
  1.4688878175979920e+000  -1.5866869300156852e+000
  1.4730161959291534e+000  -1.5824344365748682e+000
  1.4771445742603146e+000  -1.5782499112796537e+000
  1.4812556259161846e+000  -1.5739272170097265e+000
  1.4853666775720549e+000  -1.5695816714855617e+000
  1.4894777292279249e+000  -1.5651982542124829e+000
  1.4935887808837949e+000  -1.5607705666912364e+000
  1.4976998325396649e+000  -1.5563191108085650e+000
  1.5018108841955351e+000  -1.5518710603175605e+000
  1.5059219358514051e+000  -1.5474284300541046e+000
  1.5100329875072751e+000  -1.5429515475357145e+000
  1.5141440391631451e+000  -1.5383847315891057e+000
  1.5182550908190153e+000  -1.5337510826527847e+000
  1.5229557957063911e+000  -1.5284701353930146e+000
  1.5276565005937668e+000  -1.5231369477733341e+000
  1.5323572054811425e+000  -1.5177743992682675e+000
  1.5370579103685182e+000  -1.5123908416698868e+000
  1.5417586152558940e+000  -1.5069510578547720e+000
  1.5464593201432697e+000  -1.5014091430933258e+000
  1.5511600250306454e+000  -1.4957598853766352e+000
  1.5558607299180212e+000  -1.4900652212360730e+000
  1.5605614348053969e+000  -1.4844123435308383e+000
  1.5652621396927728e+000  -1.4787600376786274e+000
  1.5699628445801486e+000  -1.4729775300579340e+000
  1.5746635494675243e+000  -1.4671355977634990e+000
  1.5793642543549000e+000  -1.4612333102463069e+000
  1.5840649592422757e+000  -1.4552690323929431e+000
  1.5887656641296515e+000  -1.4492399069351469e+000
  1.5934663690170272e+000  -1.4431427671783117e+000
  1.5981670739044029e+000  -1.4369754058483177e+000
  1.6028677787917787e+000  -1.4307371258560759e+000
  1.6075684836791544e+000  -1.4244274987791734e+000
  1.6122691885665303e+000  -1.4180422568599989e+000
  1.6185940995626857e+000  -1.4093349286142447e+000
  1.6249190105588411e+000  -1.4004552729989981e+000
  1.6312439215549968e+000  -1.3914507556426721e+000
  1.6375688325511522e+000  -1.3823341828467510e+000
  1.6438937435473076e+000  -1.3730179498198312e+000
  1.6502186545434629e+000  -1.3633894352966327e+000
  1.6565435655396186e+000  -1.3534283211394933e+000
  1.6628684765357740e+000  -1.3432666155198723e+000
  1.6691933875319294e+000  -1.3330921582773754e+000
  1.6755182985280848e+000  -1.3227963870538284e+000
  1.6822333177227486e+000  -1.3113984020180585e+000
  1.6889483369174128e+000  -1.2996680052999712e+000
  1.6956633561120766e+000  -1.2875951002387591e+000
  1.7023783753067405e+000  -1.2751540891825399e+000
  1.7090933945014044e+000  -1.2622827971725843e+000
  1.7158084136960685e+000  -1.2489056786294304e+000
  1.7225234328907324e+000  -1.2349697350191398e+000
  1.7292384520853963e+000  -1.2204615714779405e+000
  1.7359534712800602e+000  -1.2053740203735142e+000
  1.7426684904747243e+000  -1.1895907597811712e+000
  1.7479266357997589e+000  -1.1766087369808975e+000
  1.7531847811247936e+000  -1.1630528561964719e+000
  1.7584429264498282e+000  -1.1488512540170597e+000
  1.7637010717748631e+000  -1.1339183779457127e+000
  1.7689592170998978e+000  -1.1181524958734135e+000
  1.7742173624249324e+000  -1.1014295003454118e+000
  1.7794755077499671e+000  -1.0835938785497616e+000
  1.7847336530750018e+000  -1.0644477189579429e+000
  1.7899917984000364e+000  -1.0437386255474657e+000
  1.7952499437250711e+000  -1.0211474105363512e+000
  1.7991061306792835e+000  -1.0031423261566570e+000
  1.8029623176334959e+000  -9.8369156524577850e-001
  1.8068185045877085e+000  -9.6251295729771091e-001
  1.8106746915419210e+000  -9.3925453379849821e-001
  1.8145308784961334e+000  -9.1348687162304887e-001
  1.8183870654503458e+000  -8.8464468084910175e-001
  1.8222432524045582e+000  -8.5193130062500377e-001
  1.8260994393587706e+000  -8.1419976672798455e-001
  1.8299556263129833e+000  -7.6982411444960852e-001
  1.8338118132671957e+000  -7.1657458044509581e-001
  1.8352816541743369e+000  -6.9332168972739761e-001
  1.8367514950814781e+000  -6.6806778358807006e-001
  1.8382213359886193e+000  -6.4051982802687957e-001
  1.8396911768957604e+000  -6.1032988120767262e-001
  1.8411610178029016e+000  -5.7708350824570309e-001
  1.8426308587100428e+000  -5.4028200977826124e-001
  1.8441006996171840e+000  -4.9932009483834011e-001
  1.8455705405243252e+000  -4.5346062855107694e-001
  1.8470403814314664e+000  -4.0180808517270106e-001
  1.8485102223386076e+000  -3.4328233699172939e-001
  1.8499800632457488e+000  -2.7662243235986722e-001
  1.8514499041528900e+000  -2.0011480367039530e-001
  1.8529197450600312e+000  -1.1214901101738559e-001
  1.8543895859671724e+000  -1.0655217976579701e-002
  1.8558594268743136e+000  1.0704555407095823e-001
  1.8573292677814548e+000  2.4361159432149304e-001
  1.8587991086885960e+000  4.0066037411207400e-001
  1.8602689495957372e+000  5.7774740213929721e-001
  1.8617387905028784e+000  7.7173334380787251e-001
  1.8632086314100196e+000  9.7692868518348808e-001
  1.8638833948655888e+000  1.0725601959811448e+000
  1.8645581583211583e+000  1.1671587041420812e+000
  1.8652329217767276e+000  1.2594402421836732e+000
  1.8659076852322969e+000  1.3481201246395462e+000
  1.8665824486878664e+000  1.4319682277183434e+000
  1.8672572121434357e+000  1.5099429037542622e+000
  1.8679319755990051e+000  1.5813288297715713e+000
  1.8686067390545744e+000  1.6458040894844186e+000
  1.8692815025101437e+000  1.7033617880546676e+000
  1.8699562659657132e+000  1.7540114989291027e+000
  1.8706310294212825e+000  1.7978403031979875e+000
  1.8713057928768519e+000  1.8354745960288859e+000
  1.8719805563324212e+000  1.8674782918964148e+000
  1.8726553197879905e+000  1.8944608657108697e+000
  1.8733300832435600e+000  1.9170428445866206e+000
  1.8740048466991293e+000  1.9358236207750574e+000
  1.8746796101546988e+000  1.9513557547650018e+000
  1.8753543736102680e+000  1.9641299375532955e+000
  1.8760291370658373e+000  1.9745747810886372e+000
  1.8767039005214068e+000  1.9830756058913948e+000
  1.8774610864825865e+000  1.9907216473446530e+000
  1.8782182724437664e+000  1.9967296866103723e+000
  1.8789754584049461e+000  2.0014188022642454e+000
  1.8797326443661260e+000  2.0050498803721224e+000
  1.8804898303273057e+000  2.0078361382460015e+000
  1.8812470162884856e+000  2.0099501626031828e+000
  1.8820042022496652e+000  2.0115291988223540e+000
  1.8827613882108452e+000  2.0126804279904427e+000
  1.8835185741720248e+000  2.0134879684340250e+000
  1.8842757601332047e+000  2.0140233384291082e+000
  1.8849538485082713e+000  2.0143221031353535e+000
  1.8856319368833376e+000  2.0144813210835095e+000
  1.8863100252584042e+000  2.0145269413738558e+000
  1.8869881136334707e+000  2.0144801765210265e+000
  1.8876662020085371e+000  2.0143585474376033e+000
  1.8883442903836036e+000  2.0141763846434979e+000
  1.8890223787586702e+000  2.0139450921651991e+000
  1.8897004671337365e+000  2.0136734805889445e+000
  1.8903785555088031e+000  2.0133684757318866e+000
  1.8910566438838696e+000  2.0130365093953255e+000
  1.8917347322589362e+000  2.0126834359323746e+000
  1.8924128206340025e+000  2.0123127514043473e+000
  1.8930909090090691e+000  2.0119277053244904e+000
  1.8937689973841356e+000  2.0115309513789854e+000
  1.8944470857592020e+000  2.0111246818091089e+000
  1.8951251741342685e+000  2.0107106895673494e+000
  1.8958032625093351e+000  2.0102903992221233e+000
  1.8964813508844014e+000  2.0098649075857273e+000
  1.8971594392594680e+000  2.0094350750401766e+000
  1.8978375276345345e+000  2.0090017085355547e+000
  1.8987191954138094e+000  2.0084341188722696e+000
  1.8996008631930845e+000  2.0078627559855740e+000
  1.9004825309723594e+000  2.0072884239803614e+000
  1.9013641987516345e+000  2.0067117480639047e+000
  1.9022458665309094e+000  2.0061332367354030e+000
  1.9031275343101846e+000  2.0055532906542592e+000
  1.9040092020894595e+000  2.0049721915186414e+000
  1.9048908698687346e+000  2.0043901042858976e+000
  1.9057725376480095e+000  2.0038071260663846e+000
  1.9066542054272846e+000  2.0032234150222754e+000
  1.9077990051552691e+000  2.0024646908835164e+000
  1.9089438048832534e+000  2.0017051168318849e+000
  1.9100886046112380e+000  2.0009447904382420e+000
  1.9112334043392223e+000  2.0001837850920658e+000
  1.9123782040672068e+000  1.9994221706082216e+000
  1.9135230037951911e+000  1.9986600049937691e+000
  1.9146678035231757e+000  1.9978973166104186e+000
  1.9158126032511600e+000  1.9971340959682475e+000
  1.9169574029791445e+000  1.9963703163862878e+000
  1.9181022027071288e+000  1.9956060027555986e+000
  1.9197636920086909e+000  1.9944958730107760e+000
  1.9214251813102527e+000  1.9933847036552228e+000
  1.9230866706118148e+000  1.9922724775676204e+000
  1.9247481599133769e+000  1.9911591874150527e+000
  1.9264096492149390e+000  1.9900448639437756e+000
  1.9280711385165008e+000  1.9889295470996744e+000
  1.9297326278180629e+000  1.9878132395429164e+000
  1.9313941171196249e+000  1.9866958821213048e+000
  1.9330556064211870e+000  1.9855773908668455e+000
  1.9347170957227489e+000  1.9844577950800306e+000
  1.9377654243347875e+000  1.9824047890331551e+000
  1.9408137529468261e+000  1.9803424239523246e+000
  1.9438620815588648e+000  1.9782866225862978e+000
  1.9469104101709036e+000  1.9762434164943838e+000
  1.9499587387829422e+000  1.9741905294246185e+000
  1.9530070673949809e+000  1.9720991005885782e+000
  1.9560553960070195e+000  1.9699671947695234e+000
  1.9591037246190581e+000  1.9678367462005577e+000
  1.9621520532310968e+000  1.9657655831494907e+000
  1.9652003818431354e+000  1.9637261801470944e+000
  1.9669403627509787e+000  1.9625321234774762e+000
  1.9686803436588218e+000  1.9613367453532160e+000
  1.9704203245666652e+000  1.9601399105214079e+000
  1.9721603054745083e+000  1.9589415734950133e+000
  1.9739002863823516e+000  1.9577420237737120e+000
  1.9756402672901947e+000  1.9565416315528756e+000
  1.9773802481980380e+000  1.9553404403673353e+000
  1.9791202291058811e+000  1.9541379531166223e+000
  1.9808602100137245e+000  1.9529334579183553e+000
  1.9826001909215676e+000  1.9517272402364536e+000
  1.9843401718294109e+000  1.9505203203237580e+000
  1.9860801527372540e+000  1.9493121344672328e+000
  1.9878201336450974e+000  1.9481026866042197e+000
  1.9895601145529405e+000  1.9468919749570750e+000
  1.9913000954607838e+000  1.9456799779525309e+000
  1.9930400763686271e+000  1.9444666693753401e+000
  1.9947800572764702e+000  1.9432520423588064e+000
  1.9965200381843136e+000  1.9420361218147972e+000
  1.9982600190921567e+000  1.9408189449058444e+000
  2.0000000000000000e+000  1.9396004891619276e+000
