  0.0000000000000000e+000  9.9999999999999995e-007
  0.0000000000000000e+000  9.9999999999999995e-007
  1.0000000000000000e-002  1.0120722891910569e-006
  1.0999999999999999e-001  1.1411083659438860e-006
  5.0000000000000000e-001  1.8221227013958778e-006
  7.5000000000000000e-001  2.4595981067920849e-006
  1.0000000000000000e+000  3.3200099406932097e-006
  1.5000000000000000e+000  6.0479567447790655e-006
  2.0000000000000000e+000  1.1011620722411690e-005
  2.5000000000000000e+000  2.0028269141615928e-005
  3.0000000000000000e+000  3.6357241001042464e-005
  3.5000000000000000e+000  6.5763405898888218e-005
  4.0000000000000000e+000  1.1817750581625652e-004
  4.5000000000000000e+000  2.0984042565595150e-004
  5.0000000000000000e+000  3.6452837371238897e-004
  5.5000000000000000e+000  6.0828205136766807e-004
  6.0000000000000000e+000  9.4242576640236973e-004
  6.5000000000000000e+000  1.2723717105642394e-003
  7.0000000000000000e+000  1.3308893459298345e-003
  7.5000000000000000e+000  8.7666275751131090e-004
  8.0000000000000000e+000  2.6688439467733205e-004
  8.2500000000000000e+000  9.9632437697525113e-005
  8.5000000000000000e+000  2.7994542873801390e-005
  8.7500000000000000e+000  6.0927044787231007e-006
  9.0000000000000000e+000  1.1149146894893033e-006
  9.2500000000000000e+000  1.9315014456334128e-007
  9.5000000000000000e+000  3.5189677064350449e-008
  9.7500000000000000e+000  7.1242432149038255e-009
  1.0000000000000000e+001  1.6171970444915938e-009
  1.0500000000000000e+001  2.5187271379094088e-008
  1.1000000000000000e+001  4.4783501908400280e-007
  1.1250000000000000e+001  1.2504248178938035e-007
  1.1500000000000000e+001  3.3811733294123505e-008
  1.1750000000000000e+001  8.7228889198303688e-009
  1.2000000000000000e+001  2.1236304492015476e-009
  1.2500000000000000e+001  2.4234870127148850e-008
  1.3000000000000000e+001  2.0096238129829322e-007
  1.3500000000000000e+001  1.1442359732283172e-006
  1.3750000000000000e+001  1.9787517822563073e-007
  1.4000000000000000e+001  3.4085193812645119e-008
  1.4250000000000000e+001  5.9331066675744474e-009
  1.4500000000000000e+001  1.0557459528256818e-009
  1.5000000000000000e+001  1.5339131884577669e-009
  1.5500000000000000e+001  1.3485372593208936e-009
  1.6000000000000000e+001  7.1906129397763069e-010
  1.6500000000000000e+001  2.4114862666391487e-010
  1.7000000000000000e+001  5.5597637386196353e-011
  1.7500000000000000e+001  1.0170239464982124e-011
  1.8000000000000000e+001  1.7304589367340571e-012
  1.8500000000000000e+001  3.0939379746164193e-013
  1.9000000000000000e+001  6.2185074834608856e-014
  1.9500000000000000e+001  1.4439474500534579e-014
  2.0000000000000000e+001  3.8957526716672249e-015
  2.0500000000000000e+001  1.2162757189256469e-015
  2.1000000000000000e+001  4.3591514113831276e-016
  2.1500000000000000e+001  1.7769911591644419e-016
  2.2000000000000000e+001  8.1623111090766346e-017
  2.2500000000000000e+001  4.1866217234487964e-017
  2.3000000000000000e+001  2.3775908167932148e-017
  2.3500000000000000e+001  1.4831246288627729e-017
  2.4000000000000000e+001  1.0087279819783325e-017
  2.4500000000000000e+001  7.4293483300498770e-018
  2.5000000000000000e+001  5.8878287724030895e-018
  2.5500000000000000e+001  4.9916559974339503e-018
  2.6000000000000000e+001  4.5026927014712500e-018
  2.6500000000000000e+001  4.3000529088628617e-018
  2.7000000000000000e+001  4.3276719019879917e-018
  2.7500000000000000e+001  4.5706329902584501e-018
  2.8000000000000000e+001  5.0460079470175069e-018
  2.8500000000000000e+001  5.8024551053668077e-018
  2.9000000000000000e+001  6.9268381877673527e-018
  2.9500000000000000e+001  8.5585387359790516e-018
  3.0000000000000000e+001  1.0914236036487514e-017
  3.0500000000000000e+001  1.4328529465831703e-017
  3.1000000000000000e+001  1.9319673315711955e-017
  3.1500000000000000e+001  2.6695982928947721e-017
  3.2000000000000000e+001  3.7728916243477177e-017
  3.2500000000000000e+001  5.4436403894412468e-017
  3.3000000000000000e+001  8.0049773237004437e-017
  3.3500000000000000e+001  1.1978834777794372e-016
  3.4000000000000000e+001  1.8215268622159368e-016
  3.4500000000000000e+001  2.8109686768796410e-016
  3.5000000000000000e+001  4.3969833842163086e-016
  3.5500000000000000e+001  6.9639134709069510e-016
  3.6000000000000000e+001  1.1156086990552502e-015
  3.6500000000000000e+001  1.8060361392206369e-015
  3.7000000000000000e+001  2.9520649298594897e-015
  3.7500000000000000e+001  4.8682111721675934e-015
  3.8000000000000000e+001  8.0936385539074613e-015
  3.8500000000000000e+001  1.3556933045574352e-014
  3.9000000000000000e+001  2.2864311165332766e-014
  3.9500000000000000e+001  3.8805305983434590e-014
  4.0000000000000000e+001  6.6242617317689072e-014
  4.0500000000000000e+001  1.1368219638745910e-013
  4.1000000000000000e+001  1.9605048874933538e-013
  4.1500000000000000e+001  3.3961833427765004e-013
  4.2000000000000000e+001  5.9074948136374176e-013
  4.2500000000000000e+001  1.0314752731009444e-012
  4.3000000000000000e+001  1.8072725342625069e-012
  4.3500000000000000e+001  3.1766900547995752e-012
  4.4000000000000000e+001  5.6001471576571347e-012
  4.4500000000000000e+001  9.8990535545176864e-012
  4.5000000000000000e+001  1.7541318687145743e-011
  4.5500000000000000e+001  3.1154270882228397e-011
  4.6000000000000000e+001  5.5447162077143216e-011
  4.6500000000000000e+001  9.8872057928699722e-011
  4.7000000000000000e+001  1.7661699986880192e-010
  4.7500000000000000e+001  3.1600488532268108e-010
  4.8000000000000000e+001  5.6623956760810536e-010
  4.8500000000000000e+001  1.0160127840612695e-009
  4.9000000000000000e+001  1.8253340970068364e-009
  4.9500000000000000e+001  3.2831097971378680e-009
  5.0000000000000000e+001  5.9113611271558855e-009
  5.0500000000000000e+001  1.0653960536232459e-008
  5.1000000000000000e+001  1.9218593654969703e-008
  5.1500000000000000e+001  3.4696614897199399e-008
  5.2000000000000000e+001  6.2687061022305865e-008
  5.2500000000000000e+001  1.1333554844234742e-007
  5.3000000000000000e+001  2.0503365178900609e-007
  5.3500000000000000e+001  3.7113201494929430e-007
  5.4000000000000000e+001  6.7212196093672858e-007
  5.4500000000000000e+001  1.2177330402846914e-006
  5.5000000000000000e+001  2.2069846756293338e-006
  5.5500000000000000e+001  4.0006528176419577e-006
  5.6000000000000000e+001  7.2519416752205704e-006
  5.6500000000000000e+001  1.3140601063821339e-005
  5.7000000000000000e+001  2.3787328932173702e-005
  5.7500000000000000e+001  4.2970494315704068e-005
  5.8000000000000000e+001  7.7310036728319987e-005
  5.8500000000000000e+001  1.3803807814144559e-004
  5.9000000000000000e+001  2.4302643877714762e-004
  5.9500000000000000e+001  4.1693931310379914e-004
  6.0000000000000000e+001  6.8207693432651686e-004
