  0.0000000000000000e+000  2.0000000000000000e+000
  2.7606279834670909e-004  1.9999926860497428e+000
  5.5212559669341819e-004  1.9999714315389221e+000
  8.2818839504012734e-004  1.9999372361838943e+000
  1.1042511933868364e-003  1.9998910579762572e+000
  1.3803139917335455e-003  1.9998338131828499e+000
  1.6563767900802547e-003  1.9997663763457518e+000
  1.9324395884269636e-003  1.9996895802822843e+000
  2.2085023867736728e-003  1.9996042160850087e+000
  2.4845651851203819e-003  1.9995110331217285e+000
  2.7606279834670911e-003  1.9994107390354874e+000
  2.9515595551943921e-003  1.9993375124352288e+000
  3.1424911269216935e-003  1.9992612807752019e+000
  3.3334226986489945e-003  1.9991822046013477e+000
  3.5243542703762955e-003  1.9991004380405502e+000
  3.7152858421035965e-003  1.9990161288006365e+000
  3.9062174138308975e-003  1.9989294181703765e+000
  4.0971489855581985e-003  1.9988404410194827e+000
  4.2880805572855004e-003  1.9987493257986104e+000
  4.4790121290128014e-003  1.9986561945393584e+000
  4.6699437007401024e-003  1.9985611628542674e+000
  4.9831082865989485e-003  1.9984014962691792e+000
  5.2962728724577947e-003  1.9982374632202349e+000
  5.6094374583166400e-003  1.9980693995906964e+000
  5.9226020441754861e-003  1.9978976286536061e+000
  6.2357666300343322e-003  1.9977224610717865e+000
  6.5489312158931784e-003  1.9975441948978405e+000
  6.8620958017520245e-003  1.9973631155741516e+000
  7.1752603876108698e-003  1.9971794959328835e+000
  7.4884249734697168e-003  1.9969935961959802e+000
  7.8015895593285620e-003  1.9968056639751661e+000
  8.1338161655539268e-003  1.9966042825551218e+000
  8.4660427717792898e-003  1.9964009718955869e+000
  8.7982693780046528e-003  1.9961958825297592e+000
  9.1304959842300176e-003  1.9959891599130746e+000
  9.4627225904553823e-003  1.9957809444232080e+000
  9.7949491966807453e-003  1.9955713713600727e+000
  1.0127175802906108e-002  1.9953605709458209e+000
  1.0459402409131473e-002  1.9951486683248434e+000
  1.0791629015356838e-002  1.9949357835637700e+000
  1.1123855621582201e-002  1.9947220316514689e+000
  1.1551321695711415e-002  1.9944458803158878e+000
  1.1978787769840632e-002  1.9941685616158877e+000
  1.2406253843969846e-002  1.9938901644360512e+000
  1.2833719918099062e-002  1.9936107791622626e+000
  1.3261185992228277e-002  1.9933304976817081e+000
  1.3688652066357493e-002  1.9930494133828756e+000
  1.4116118140486708e-002  1.9927676211555545e+000
  1.4543584214615924e-002  1.9924852173908361e+000
  1.4971050288745139e-002  1.9922022999811131e+000
  1.5398516362874353e-002  1.9919189683200806e+000
  1.5905019605799726e-002  1.9915827835895121e+000
  1.6411522848725102e-002  1.9912460935307099e+000
  1.6918026091650475e-002  1.9909089239936617e+000
  1.7424529334575847e-002  1.9905713051840999e+000
  1.7931032577501220e-002  1.9902332716635009e+000
  1.8437535820426596e-002  1.9898948623490855e+000
  1.8944039063351969e-002  1.9895561205138190e+000
  1.9450542306277342e-002  1.9892170937864107e+000
  1.9957045549202718e-002  1.9888778341513147e+000
  2.0463548792128090e-002  1.9885383979487288e+000
  2.1111332649598434e-002  1.9881040550312885e+000
  2.1759116507068778e-002  1.9876694254201144e+000
  2.2406900364539122e-002  1.9872345020474014e+000
  2.3054684222009465e-002  1.9867992851643985e+000
  2.3702468079479806e-002  1.9863637823414082e+000
  2.4350251936950149e-002  1.9859280084677866e+000
  2.4998035794420493e-002  1.9854919857519435e+000
  2.5645819651890837e-002  1.9850557437213427e+000
  2.6293603509361180e-002  1.9846193192225017e+000
  2.6941387366831521e-002  1.9841827564209913e+000
  2.7778817008514988e-002  1.9836181806201747e+000
  2.8616246650198456e-002  1.9830533158147585e+000
  2.9453676291881923e-002  1.9824881435357706e+000
  3.0291105933565390e-002  1.9819226527685980e+000
  3.1128535575248861e-002  1.9813568399529868e+000
  3.1965965216932325e-002  1.9807907089830423e+000
  3.2803394858615796e-002  1.9802242712072291e+000
  3.3640824500299260e-002  1.9796575454283707e+000
  3.4478254141982731e-002  1.9790905579036497e+000
  3.5315683783666202e-002  1.9785233423446082e+000
  3.6457714477424678e-002  1.9777494415790517e+000
  3.7599745171183148e-002  1.9769750474769585e+000
  3.8741775864941624e-002  1.9762001259373865e+000
  3.9883806558700094e-002  1.9754246544925702e+000
  4.1025837252458570e-002  1.9746486223079214e+000
  4.2167867946217040e-002  1.9738720301820287e+000
  4.3309898639975516e-002  1.9730948905466581e+000
  4.4451929333733986e-002  1.9723172274667522e+000
  4.5593960027492463e-002  1.9715390766404313e+000
  4.6735990721250932e-002  1.9707604853989920e+000
  4.8234517073349290e-002  1.9697382696197199e+000
  4.9733043425447647e-002  1.9687152782646968e+000
  5.1231569777546004e-002  1.9676913385351942e+000
  5.2730096129644369e-002  1.9666663363653565e+000
  5.4228622481742719e-002  1.9656402164222007e+000
  5.5727148833841084e-002  1.9646129821056166e+000
  5.7225675185939434e-002  1.9635846955483667e+000
  5.8724201538037799e-002  1.9625554776160856e+000
  6.0222727890136156e-002  1.9615255079072813e+000
  6.1721254242234513e-002  1.9604950247533341e+000
  6.3074158428611346e-002  1.9595644579838820e+000
  6.4427062614988193e-002  1.9586333998412855e+000
  6.5779966801365025e-002  1.9577014454757213e+000
  6.7132870987741872e-002  1.9567683290126425e+000
  6.8485775174118704e-002  1.9558339235527791e+000
  6.9838679360495551e-002  1.9548982411721367e+000
  7.1191583546872383e-002  1.9539614329219983e+000
  7.2544487733249230e-002  1.9530237888289221e+000
  7.3897391919626063e-002  1.9520857378947440e+000
  7.5250296106002909e-002  1.9511478480965756e+000
  7.6522946572276887e-002  1.9502659717221649e+000
  7.7795597038550865e-002  1.9493837647088335e+000
  7.9068247504824843e-002  1.9485006149296795e+000
  8.0340897971098821e-002  1.9476161218463590e+000
  8.1613548437372799e-002  1.9467300965090857e+000
  8.2886198903646777e-002  1.9458425615566310e+000
  8.4158849369920768e-002  1.9449537512163244e+000
  8.5431499836194746e-002  1.9440641113040524e+000
  8.6704150302468724e-002  1.9431742992242602e+000
  8.7976800768742702e-002  1.9422851839699498e+000
  8.9126266356799613e-002  1.9414827407787869e+000
  9.0275731944856524e-002  1.9406798988809686e+000
  9.1425197532913449e-002  1.9398762160347824e+000
  9.2574663120970360e-002  1.9390714056953269e+000
  9.3724128709027271e-002  1.9382653370145098e+000
  9.4873594297084182e-002  1.9374580348410488e+000
  9.6023059885141107e-002  1.9366496797204729e+000
  9.7172525473198018e-002  1.9358406078951198e+000
  9.8321991061254929e-002  1.9350313113041377e+000
  9.9471456649311840e-002  1.9342224375834856e+000
  1.0057164527789904e-001  1.9334485468420060e+000
  1.0167183390648624e-001  1.9326741782917287e+000
  1.0277202253507345e-001  1.9318990961033131e+000
  1.0387221116366065e-001  1.9311231486484879e+000
  1.0497239979224784e-001  1.9303462685000516e+000
  1.0607258842083504e-001  1.9295684724318720e+000
  1.0717277704942224e-001  1.9287898614188872e+000
  1.0827296567800945e-001  1.9280106206371037e+000
  1.0937315430659665e-001  1.9272310194635989e+000
  1.1047334293518385e-001  1.9264514114765185e+000
  1.1162563434707516e-001  1.9256348249415587e+000
  1.1277792575896646e-001  1.9248176958106549e+000
  1.1393021717085777e-001  1.9239998543246501e+000
  1.1508250858274909e-001  1.9231811905417520e+000
  1.1623479999464040e-001  1.9223616543375324e+000
  1.1738709140653170e-001  1.9215412554049274e+000
  1.1853938281842301e-001  1.9207200632542383e+000
  1.1969167423031432e-001  1.9198982072131299e+000
  1.2084396564220562e-001  1.9190758764266320e+000
  1.2199625705409693e-001  1.9182533198571385e+000
  1.2325621127577611e-001  1.9173536555857422e+000
  1.2451616549745528e-001  1.9164533530716605e+000
  1.2577611971913447e-001  1.9155522164509315e+000
  1.2703607394081365e-001  1.9146501176712960e+000
  1.2829602816249280e-001  1.9137469964921987e+000
  1.2955598238417199e-001  1.9128428604847876e+000
  1.3081593660585117e-001  1.9119377850319130e+000
  1.3207589082753035e-001  1.9110319133281295e+000
  1.3333584504920951e-001  1.9101254563796943e+000
  1.3459579927088869e-001  1.9092186930045680e+000
  1.3594271968053112e-001  1.9082490767159974e+000
  1.3728964009017353e-001  1.9072787693366691e+000
  1.3863656049981596e-001  1.9063074686778929e+000
  1.3998348090945839e-001  1.9053349765778491e+000
  1.4133040131910082e-001  1.9043611989015878e+000
  1.4267732172874326e-001  1.9033861455410286e+000
  1.4402424213838566e-001  1.9024099304149620e+000
  1.4537116254802809e-001  1.9014327714690475e+000
  1.4671808295767053e-001  1.9004549906758157e+000
  1.4806500336731293e-001  1.8994770140346664e+000
  1.4942092957847777e-001  1.8984924222633659e+000
  1.5077685578964262e-001  1.8975071732969244e+000
  1.5213278200080746e-001  1.8965208336804342e+000
  1.5348870821197230e-001  1.8955331195385816e+000
  1.5484463442313715e-001  1.8945438965756480e+000
  1.5620056063430199e-001  1.8935531800755094e+000
  1.5755648684546683e-001  1.8925611349016362e+000
  1.5891241305663167e-001  1.8915680754970934e+000
  1.6026833926779652e-001  1.8905744658845407e+000
  1.6162426547896136e-001  1.8895809196662328e+000
  1.6293024287508512e-001  1.8886241002280721e+000
  1.6423622027120888e-001  1.8876666360288221e+000
  1.6554219766733264e-001  1.8867080846225739e+000
  1.6684817506345639e-001  1.8857481573995589e+000
  1.6815415245958015e-001  1.8847867195861494e+000
  1.6946012985570394e-001  1.8838237902448580e+000
  1.7076610725182770e-001  1.8828595422743384e+000
  1.7207208464795146e-001  1.8818943024093839e+000
  1.7337806204407522e-001  1.8809285512209291e+000
  1.7468403944019897e-001  1.8799629231160486e+000
  1.7594948630527540e-001  1.8790273609491364e+000
  1.7721493317035181e-001  1.8780911037964843e+000
  1.7848038003542824e-001  1.8771538102569147e+000
  1.7974582690050464e-001  1.8762152585761793e+000
  1.8101127376558107e-001  1.8752753466469572e+000
  1.8227672063065750e-001  1.8743340920088565e+000
  1.8354216749573390e-001  1.8733916318484132e+000
  1.8480761436081033e-001  1.8724482229990924e+000
  1.8607306122588674e-001  1.8715042419412868e+000
  1.8733850809096317e-001  1.8705601848023186e+000
  1.8861732651544147e-001  1.8696060373693064e+000
  1.8989614493991980e-001  1.8686511194875020e+000
  1.9117496336439810e-001  1.8676951660574674e+000
  1.9245378178887643e-001  1.8667380047621791e+000
  1.9373260021335473e-001  1.8657795560670269e+000
  1.9501141863783306e-001  1.8648198332198136e+000
  1.9629023706231136e-001  1.8638589422507561e+000
  1.9756905548678966e-001  1.8628970819724848e+000
  1.9884787391126799e-001  1.8619345439800432e+000
  2.0012669233574629e-001  1.8609717126508891e+000
  2.0146794423437966e-001  1.8599615500414612e+000
  2.0280919613301307e-001  1.8589505133504551e+000
  2.0415044803164645e-001  1.8579383467047865e+000
  2.0549169993027983e-001  1.8569248829844816e+000
  2.0683295182891320e-001  1.8559100438226752e+000
  2.0817420372754661e-001  1.8548938396056129e+000
  2.0951545562617999e-001  1.8538763694726499e+000
  2.1085670752481336e-001  1.8528578213162508e+000
  2.1219795942344674e-001  1.8518384717819898e+000
  2.1353921132208015e-001  1.8508186862685512e+000
  2.1495352608872942e-001  1.8497429102124703e+000
  2.1636784085537869e-001  1.8486661548835730e+000
  2.1778215562202796e-001  1.8475881138282271e+000
  2.1919647038867723e-001  1.8465085861949537e+000
  2.2061078515532651e-001  1.8454274767344288e+000
  2.2202509992197578e-001  1.8443447957994821e+000
  2.2343941468862505e-001  1.8432606593450978e+000
  2.2485372945527432e-001  1.8421752889284135e+000
  2.2626804422192359e-001  1.8410890117087222e+000
  2.2768235898857286e-001  1.8400022604474695e+000
  2.2913869059564590e-001  1.8388827984628937e+000
  2.3059502220271891e-001  1.8377622960806199e+000
  2.3205135380979194e-001  1.8366403639182187e+000
  2.3350768541686498e-001  1.8355167466566711e+000
  2.3496401702393799e-001  1.8343913230403694e+000
  2.3642034863101102e-001  1.8332641058771164e+000
  2.3787668023808406e-001  1.8321352420381261e+000
  2.3933301184515707e-001  1.8310050124580233e+000
  2.4078934345223010e-001  1.8298738321348433e+000
  2.4224567505930314e-001  1.8287422501300328e+000
  2.4370184431368044e-001  1.8276104583141566e+000
  2.4515801356805772e-001  1.8264775953963925e+000
  2.4661418282243502e-001  1.8253432231744671e+000
  2.4807035207681230e-001  1.8242070547631577e+000
  2.4952652133118960e-001  1.8230689545942937e+000
  2.5098269058556688e-001  1.8219289384167561e+000
  2.5243885983994419e-001  1.8207871732964769e+000
  2.5389502909432149e-001  1.8196439776164401e+000
  2.5535119834869874e-001  1.8184998210766807e+000
  2.5680736760307604e-001  1.8173553246942857e+000
  2.5824889450366767e-001  1.8162220216214644e+000
  2.5969042140425930e-001  1.8150875933055803e+000
  2.6113194830485092e-001  1.8139516268549236e+000
  2.6257347520544250e-001  1.8128138524959316e+000
  2.6401500210603412e-001  1.8116741435731902e+000
  2.6545652900662575e-001  1.8105325165494330e+000
  2.6689805590721738e-001  1.8093891310055417e+000
  2.6833958280780901e-001  1.8082442896405455e+000
  2.6978110970840063e-001  1.8070984382716218e+000
  2.7122263660899226e-001  1.8059521658340960e+000
  2.7267101800909538e-001  1.8048000041875116e+000
  2.7411939940919849e-001  1.8036466195655723e+000
  2.7556778080930167e-001  1.8024916520384389e+000
  2.7701616220940478e-001  1.8013348664723638e+000
  2.7846454360950790e-001  1.8001761525296884e+000
  2.7991292500961101e-001  1.7990155246688446e+000
  2.8136130640971418e-001  1.7978531221443539e+000
  2.8280968780981730e-001  1.7966892090068278e+000
  2.8425806920992042e-001  1.7955241741029679e+000
  2.8570645061002353e-001  1.7943585310755663e+000
  2.8719702682704140e-001  1.7931582817750771e+000
  2.8868760304405933e-001  1.7919566641256912e+000
  2.9017817926107720e-001  1.7907533433158045e+000
  2.9166875547809507e-001  1.7895481000482909e+000
  2.9315933169511299e-001  1.7883408305405013e+000
  2.9464990791213086e-001  1.7871315465242643e+000
  2.9614048412914873e-001  1.7859203752458852e+000
  2.9763106034616660e-001  1.7847075594661479e+000
  2.9912163656318452e-001  1.7834934574603125e+000
  3.0061221278020239e-001  1.7822785430181172e+000
  3.0216717077301197e-001  1.7810102972930122e+000
  3.0372212876582155e-001  1.7797405005782394e+000
  3.0527708675863108e-001  1.7784687988784127e+000
  3.0683204475144066e-001  1.7771949595700982e+000
  3.0838700274425024e-001  1.7759188714018139e+000
  3.0994196073705982e-001  1.7746405444940290e+000
  3.1149691872986940e-001  1.7733601103391647e+000
  3.1305187672267898e-001  1.7720778218015942e+000
  3.1460683471548850e-001  1.7707940531176420e+000
  3.1616179270829808e-001  1.7695092998955844e+000
  3.1777692518810258e-001  1.7681738236446707e+000
  3.1939205766790713e-001  1.7668366120575179e+000
  3.2100719014771162e-001  1.7654972572021355e+000
  3.2262232262751617e-001  1.7641554905272852e+000
  3.2423745510732066e-001  1.7628111828624808e+000
  3.2585258758712521e-001  1.7614643444179876e+000
  3.2746772006692970e-001  1.7601151247848235e+000
  3.2908285254673419e-001  1.7587638129347576e+000
  3.3069798502653874e-001  1.7574108372203117e+000
  3.3231311750634324e-001  1.7560567653747587e+000
  3.3396542403455531e-001  1.7546704427268385e+000
  3.3561773056276739e-001  1.7532822236156291e+000
  3.3727003709097947e-001  1.7518916439705998e+000
  3.3892234361919149e-001  1.7504983982124693e+000
  3.4057465014740357e-001  1.7491023392532064e+000
  3.4222695667561565e-001  1.7477034784960295e+000
  3.4387926320382772e-001  1.7463019858354065e+000
  3.4553156973203980e-001  1.7448981896570557e+000
  3.4718387626025188e-001  1.7434925768379446e+000
  3.4883618278846396e-001  1.7420857927462905e+000
  3.5050674565342943e-001  1.7406623045382501e+000
  3.5217730851839485e-001  1.7392367597883196e+000
  3.5384787138336032e-001  1.7378086754838491e+000
  3.5551843424832574e-001  1.7363777336367474e+000
  3.5718899711329122e-001  1.7349437812834829e+000
  3.5885955997825664e-001  1.7335068304850838e+000
  3.6053012284322211e-001  1.7320670583271365e+000
  3.6220068570818753e-001  1.7306248069197876e+000
  3.6387124857315301e-001  1.7291805833977425e+000
  3.6554181143811842e-001  1.7277350599202663e+000
  3.6723381411405853e-001  1.7262696568743339e+000
  3.6892581678999870e-001  1.7248019902656946e+000
  3.7061781946593880e-001  1.7233315978360002e+000
  3.7230982214187897e-001  1.7218581749809492e+000
  3.7400182481781907e-001  1.7203815747502866e+000
  3.7569382749375918e-001  1.7189018078478044e+000
  3.7738583016969934e-001  1.7174190426313409e+000
  3.7907783284563945e-001  1.7159336051127816e+000
  3.8076983552157956e-001  1.7144459789580582e+000
  3.8246183819751972e-001  1.7129568054871489e+000
  3.8419890339556612e-001  1.7114263392056621e+000
  3.8593596859361257e-001  1.7098933124473421e+000
  3.8767303379165896e-001  1.7083572889062029e+000
  3.8941009898970541e-001  1.7068179801455807e+000
  3.9114716418775181e-001  1.7052752455981368e+000
  3.9288422938579820e-001  1.7037290925658553e+000
  3.9462129458384465e-001  1.7021796762200438e+000
  3.9635835978189105e-001  1.7006272996013345e+000
  3.9809542497993750e-001  1.6990724136196822e+000
  3.9983249017798389e-001  1.6975156170543659e+000
  4.0164302196374868e-001  1.6958909222597538e+000
  4.0345355374951342e-001  1.6942632512699896e+000
  4.0526408553527821e-001  1.6926321693025124e+000
  4.0707461732104300e-001  1.6909973874307158e+000
  4.0888514910680779e-001  1.6893587625839463e+000
  4.1069568089257252e-001  1.6877162975475057e+000
  4.1250621267833731e-001  1.6860701409626486e+000
  4.1431674446410210e-001  1.6844205873265838e+000
  4.1612727624986684e-001  1.6827680769924744e+000
  4.1793780803563163e-001  1.6811131961694370e+000
  4.1983952879496333e-001  1.6793724014976275e+000
  4.2174124955429498e-001  1.6776280928769072e+000
  4.2364297031362669e-001  1.6758798042692522e+000
  4.2554469107295839e-001  1.6741272242574290e+000
  4.2744641183229010e-001  1.6723701960449953e+000
  4.2934813259162175e-001  1.6706087174563002e+000
  4.3124985335095345e-001  1.6688429409364838e+000
  4.3315157411028515e-001  1.6670731735514766e+000
  4.3505329486961680e-001  1.6652998769880007e+000
  4.3695501562894851e-001  1.6635236675535694e+000
  4.3894925150914671e-001  1.6616579157742939e+000
  4.4094348738934497e-001  1.6597880081710172e+000
  4.4293772326954317e-001  1.6579134245299703e+000
  4.4493195914974137e-001  1.6560338155069445e+000
  4.4692619502993958e-001  1.6541490026272918e+000
  4.4892043091013784e-001  1.6522589782859234e+000
  4.5091466679033604e-001  1.6503639057473114e+000
  4.5290890267053424e-001  1.6484641191454881e+000
  4.5490313855073250e-001  1.6465601234840452e+000
  4.5689737443093070e-001  1.6446525946361357e+000
  4.5897628652895783e-001  1.6426602938234494e+000
  4.6105519862698496e-001  1.6406630893574752e+000
  4.6313411072501209e-001  1.6386604103284885e+000
  4.6521302282303922e-001  1.6366518713045553e+000
  4.6729193492106635e-001  1.6346372723315332e+000
  4.6937084701909348e-001  1.6326165989330705e+000
  4.7144975911712061e-001  1.6305900221106064e+000
  4.7352867121514775e-001  1.6285578983433713e+000
  4.7560758331317488e-001  1.6265207695883863e+000
  4.7768649541120195e-001  1.6244793632804639e+000
  4.7985011559891388e-001  1.6223501745223603e+000
  4.8201373578662582e-001  1.6202151462880219e+000
  4.8417735597433775e-001  1.6180736916121263e+000
  4.8634097616204969e-001  1.6159254107489167e+000
  4.8850459634976162e-001  1.6137700911721999e+000
  4.9066821653747350e-001  1.6116077075753483e+000
  4.9283183672518543e-001  1.6094384218712989e+000
  4.9499545691289737e-001  1.6072625831925529e+000
  4.9715907710060930e-001  1.6050807278911765e+000
  4.9932269728832124e-001  1.6028935795388009e+000
  5.0159726014639638e-001  1.6005884347483197e+000
  5.0387182300447142e-001  1.5982761016709806e+000
  5.0614638586254657e-001  1.5959560282085168e+000
  5.0842094872062171e-001  1.5936278312614749e+000
  5.1069551157869675e-001  1.5912912967292141e+000
  5.1297007443677189e-001  1.5889463795099059e+000
  5.1524463729484704e-001  1.5865932035005352e+000
  5.1751920015292208e-001  1.5842320615968992e+000
  5.1979376301099722e-001  1.5818634156936076e+000
  5.2206832586907237e-001  1.5794878966840833e+000
  5.2452525186511967e-001  1.5769139118657836e+000
  5.2698217786116697e-001  1.5743304370795146e+000
  5.2943910385721427e-001  1.5717370333698852e+000
  5.3189602985326156e-001  1.5691333795423066e+000
  5.3435295584930886e-001  1.5665192721629904e+000
  5.3680988184535616e-001  1.5638946255589492e+000
  5.3926680784140346e-001  1.5612594718179977e+000
  5.4172373383745076e-001  1.5586139607887515e+000
  5.4418065983349806e-001  1.5559583600806266e+000
  5.4663758582954525e-001  1.5532930550638417e+000
  5.4947258727025416e-001  1.5502047103807204e+000
  5.5230758871096319e-001  1.5471015321590151e+000
  5.5514259015167211e-001  1.5439836366268358e+000
  5.5797759159238103e-001  1.5408510343412203e+000
  5.6081259303309006e-001  1.5377036301881335e+000
  5.6364759447379897e-001  1.5345412233824698e+000
  5.6648259591450789e-001  1.5313635074680501e+000
  5.6931759735521692e-001  1.5281700703176238e+000
  5.7215259879592584e-001  1.5249603941328684e+000
  5.7498760023663475e-001  1.5217338554443891e+000
  5.7775073420467615e-001  1.5185714891909492e+000
  5.8051386817271755e-001  1.5153919455836726e+000
  5.8327700214075895e-001  1.5121965745487049e+000
  5.8604013610880035e-001  1.5089861817789261e+000
  5.8880327007684174e-001  1.5057610287339509e+000
  5.9156640404488314e-001  1.5025208326401289e+000
  5.9432953801292454e-001  1.4992647664905450e+000
  5.9709267198096594e-001  1.4959914590450183e+000
  5.9985580594900734e-001  1.4926989948301028e+000
  6.0261893991704873e-001  1.4893849141390880e+000
  6.0512651763349046e-001  1.4863580697729792e+000
  6.0763409534993218e-001  1.4833150201696532e+000
  6.1014167306637390e-001  1.4802568957217674e+000
  6.1264925078281562e-001  1.4771843459367195e+000
  6.1515682849925735e-001  1.4740975394366471e+000
  6.1766440621569907e-001  1.4709961639584281e+000
  6.2017198393214079e-001  1.4678794263536814e+000
  6.2267956164858251e-001  1.4647460525887648e+000
  6.2518713936502424e-001  1.4615942877447778e+000
  6.2769471708146596e-001  1.4584218960175590e+000
  6.3018219124742425e-001  1.4552542994428870e+000
  6.3266966541338254e-001  1.4520682165323471e+000
  6.3515713957934083e-001  1.4488643052521577e+000
  6.3764461374529913e-001  1.4456428775956773e+000
  6.4013208791125742e-001  1.4424038995834034e+000
  6.4261956207721571e-001  1.4391469912629733e+000
  6.4510703624317400e-001  1.4358714267091646e+000
  6.4759451040913230e-001  1.4325761340238934e+000
  6.5008198457509059e-001  1.4292596953362167e+000
  6.5256945874104888e-001  1.4259203468023305e+000
  6.5521148218660274e-001  1.4223477674497080e+000
  6.5785350563215672e-001  1.4187500019284554e+000
  6.6049552907771059e-001  1.4151275989307037e+000
  6.6313755252326445e-001  1.4114807280701771e+000
  6.6577957596881832e-001  1.4078091798821908e+000
  6.6842159941437229e-001  1.4041123658236534e+000
  6.7106362285992616e-001  1.4003893182730651e+000
  6.7370564630548002e-001  1.3966386905305186e+000
  6.7634766975103400e-001  1.3928587568176987e+000
  6.7898969319658786e-001  1.3890474122778826e+000
  6.8179585534598997e-001  1.3849636869661290e+000
  6.8460201749539218e-001  1.3808443526842049e+000
  6.8740817964479428e-001  1.3766898412350879e+000
  6.9021434179419638e-001  1.3725000994059116e+000
  6.9302050394359860e-001  1.3682745889679653e+000
  6.9582666609300070e-001  1.3640122866766959e+000
  6.9863282824240291e-001  1.3597116842717052e+000
  7.0143899039180502e-001  1.3553707884767523e+000
  7.0424515254120712e-001  1.3509871209997517e+000
  7.0705131469060933e-001  1.3465577185327744e+000
  7.1001062749152155e-001  1.3418350350518324e+000
  7.1296994029243377e-001  1.3370601322593743e+000
  7.1592925309334610e-001  1.3322329694054948e+000
  7.1888856589425831e-001  1.3273528723075716e+000
  7.2184787869517053e-001  1.3224185333502649e+000
  7.2480719149608275e-001  1.3174280114855172e+000
  7.2776650429699508e-001  1.3123787322325544e+000
  7.3072581709790729e-001  1.3072674876778847e+000
  7.3368512989881951e-001  1.3020904364752992e+000
  7.3664444269973173e-001  1.2968431038458714e+000
  7.3979129032587565e-001  1.2911823858173006e+000
  7.4293813795201968e-001  1.2854376927721687e+000
  7.4608498557816361e-001  1.2796075456670606e+000
  7.4923183320430753e-001  1.2736895067310865e+000
  7.5237868083045145e-001  1.2676801794658836e+000
  7.5552552845659549e-001  1.2615752086456145e+000
  7.5867237608273941e-001  1.2553692803169685e+000
  7.6181922370888333e-001  1.2490561217991607e+000
  7.6496607133502725e-001  1.2426285016839327e+000
  7.6811291896117129e-001  1.2360782298355513e+000
  7.7151647909076204e-001  1.2288466584810691e+000
  7.7492003922035291e-001  1.2214570803634612e+000
  7.7832359934994366e-001  1.2139030565166391e+000
  7.8172715947953442e-001  1.2061759646155692e+000
  7.8513071960912517e-001  1.1982649989762733e+000
  7.8853427973871604e-001  1.1901571705558287e+000
  7.9193783986830679e-001  1.1818373069523678e+000
  7.9534139999789755e-001  1.1732880524050786e+000
  7.9874496012748830e-001  1.1644898677942039e+000
  8.0214852025707917e-001  1.1554210306410420e+000
  8.0596414626381985e-001  1.1448972275518896e+000
  8.0977977227056053e-001  1.1339687889855152e+000
  8.1359539827730110e-001  1.1226082293924646e+000
  8.1741102428404178e-001  1.1107744038944398e+000
  8.2122665029078246e-001  1.0984125082843019e+000
  8.2504227629752314e-001  1.0854540790260696e+000
  8.2885790230426371e-001  1.0718169932549200e+000
  8.3267352831100439e-001  1.0574054687771868e+000
  8.3648915431774507e-001  1.0421100640703622e+000
  8.4030478032448574e-001  1.0258076782830969e+000
  8.4354302757892885e-001  1.0110201069421252e+000
  8.4678127483337196e-001  9.9525340658827433e-001
  8.5001952208781506e-001  9.7843928148158665e-001
  8.5325776934225817e-001  9.6042851343902458e-001
  8.5649601659670127e-001  9.4099096183447095e-001
  8.5973426385114438e-001  9.1981556359872951e-001
  8.6297251110558748e-001  8.9651033321952378e-001
  8.6621075836003059e-001  8.7060236274149827e-001
  8.6944900561447369e-001  8.4153782176621761e-001
  8.7268725286891680e-001  8.0868195745216687e-001
  8.7575750426076526e-001  7.7246250595330712e-001
  8.7882775565261384e-001  7.3118713022028348e-001
  8.8189800704446231e-001  6.8481521694492187e-001
  8.8496825843631077e-001  6.3115985516529061e-001
  8.8803850982815924e-001  5.6588783626570549e-001
  8.9110876122000782e-001  4.8251965397672547e-001
  8.9417901261185628e-001  3.7242950437516548e-001
  8.9724926400370475e-001  2.2484528588407826e-001
  9.0031951539555333e-001  2.6848599272757401e-002
  9.0338976678740179e-001  -2.3662525234323439e-001
  9.0400625986222105e-001  -2.9895519321628744e-001
  9.0462275293704031e-001  -3.6485873735281171e-001
  9.0523924601185957e-001  -4.3440151856341036e-001
  9.0585573908667882e-001  -5.0753238430638969e-001
  9.0647223216149808e-001  -5.8408339568775869e-001
  9.0708872523631745e-001  -6.6376982746124380e-001
  9.0770521831113671e-001  -7.4619016802823090e-001
  9.0832171138595597e-001  -8.3082611943785201e-001
  9.0893820446077522e-001  -9.1704259738692728e-001
  9.0955469753559448e-001  -1.0040877312199794e+000
  9.1017119061041374e-001  -1.0911662437591849e+000
  9.1078768368523300e-001  -1.1772072149509107e+000
  9.1140417676005225e-001  -1.2610768882234931e+000
  9.1202066983487151e-001  -1.3418003978875988e+000
  9.1263716290969077e-001  -1.4185617691362244e+000
  9.1325365598451014e-001  -1.4907039180447095e+000
  9.1387014905932940e-001  -1.5577286515706854e+000
  9.1448664213414865e-001  -1.6192966675541525e+000
  9.1510313520896791e-001  -1.6752275547174287e+000
  9.1571962828378717e-001  -1.7254997926651612e+000
  9.1618549022916151e-001  -1.7596845522473066e+000
  9.1665135217453597e-001  -1.7906239075011869e+000
  9.1711721411991032e-001  -1.8185200109202830e+000
  9.1758307606528466e-001  -1.8435723074377646e+000
  9.1804893801065901e-001  -1.8659775344264609e+000
  9.1851479995603347e-001  -1.8859297216988731e+000
  9.1898066190140781e-001  -1.9036201915071551e+000
  9.1944652384678216e-001  -1.9192375585431432e+000
  9.1991238579215651e-001  -1.9329677299383348e+000
  9.2037824773753096e-001  -1.9449939052638967e+000
  9.2071353656635235e-001  -1.9527084154414962e+000
  9.2104882539517374e-001  -1.9597152640240476e+000
  9.2138411422399513e-001  -1.9660655347687790e+000
  9.2171940305281652e-001  -1.9718089453263072e+000
  9.2205469188163791e-001  -1.9769938472406383e+000
  9.2238998071045930e-001  -1.9816672259491674e+000
  9.2272526953928080e-001  -1.9858747007826800e+000
  9.2306055836810219e-001  -1.9896605249653467e+000
  9.2339584719692358e-001  -1.9930675856147309e+000
  9.2373113602574497e-001  -1.9961374037417836e+000
  9.2406124253346567e-001  -1.9988631577487015e+000
  9.2439134904118636e-001  -2.0013155636310525e+000
  9.2472145554890706e-001  -2.0035157967659285e+000
  9.2505156205662775e-001  -2.0054843974555752e+000
  9.2538166856434834e-001  -2.0072412709273917e+000
  9.2571177507206903e-001  -2.0088056873339322e+000
  9.2604188157978973e-001  -2.0101962817529020e+000
  9.2637198808751042e-001  -2.0114310541871614e+000
  9.2670209459523112e-001  -2.0125273695647237e+000
  9.2703220110295181e-001  -2.0135019577387565e+000
  9.2733224533073788e-001  -2.0142923422409735e+000
  9.2763228955852406e-001  -2.0149970767741130e+000
  9.2793233378631013e-001  -2.0156226633310386e+000
  9.2823237801409630e-001  -2.0161753609031337e+000
  9.2853242224188237e-001  -2.0166611854802983e+000
  9.2883246646966855e-001  -2.0170859100509522e+000
  9.2913251069745462e-001  -2.0174550646020322e+000
  9.2943255492524079e-001  -2.0177739361189952e+000
  9.2973259915302686e-001  -2.0180475685858137e+000
  9.3003264338081304e-001  -2.0182807629849808e+000
  9.3032156744452288e-001  -2.0184705389710378e+000
  9.3061049150823283e-001  -2.0186283797298459e+000
  9.3089941557194267e-001  -2.0187566774473389e+000
  9.3118833963565262e-001  -2.0188577297159860e+000
  9.3147726369936246e-001  -2.0189337395347922e+000
  9.3176618776307241e-001  -2.0189868153092978e+000
  9.3205511182678225e-001  -2.0190189708515800e+000
  9.3234403589049220e-001  -2.0190321253802503e+000
  9.3263295995420203e-001  -2.0190281035204576e+000
  9.3292188401791198e-001  -2.0190086353038845e+000
  9.3318484263371282e-001  -2.0189786228760753e+000
  9.3344780124951354e-001  -2.0189376083132373e+000
  9.3371075986531438e-001  -2.0188863679794116e+000
  9.3397371848111510e-001  -2.0188256455122304e+000
  9.3423667709691594e-001  -2.0187561518229167e+000
  9.3449963571271677e-001  -2.0186785650962844e+000
  9.3476259432851749e-001  -2.0185935307907394e+000
  9.3502555294431833e-001  -2.0185016616382780e+000
  9.3528851156011916e-001  -2.0184035376444878e+000
  9.3555147017591989e-001  -2.0182997060885470e+000
  9.3582936987507581e-001  -2.0181842841432132e+000
  9.3610726957423174e-001  -2.0180634175233827e+000
  9.3638516927338766e-001  -2.0179375038842831e+000
  9.3666306897254370e-001  -2.0178069245008516e+000
  9.3694096867169963e-001  -2.0176720442677363e+000
  9.3721886837085555e-001  -2.0175332116992957e+000
  9.3749676807001148e-001  -2.0173907589295990e+000
  9.3777466776916740e-001  -2.0172450017124262e+000
  9.3805256746832333e-001  -2.0170962394212659e+000
  9.3833046716747937e-001  -2.0169447550493200e+000
  9.3865758051472814e-001  -2.0167632838386020e+000
  9.3898469386197680e-001  -2.0165786544753606e+000
  9.3931180720922558e-001  -2.0163911168138284e+000
  9.3963892055647424e-001  -2.0162009125297948e+000
  9.3996603390372302e-001  -2.0160082751206065e+000
  9.4029314725097168e-001  -2.0158134299051658e+000
  9.4062026059822046e-001  -2.0156165940239319e+000
  9.4094737394546912e-001  -2.0154179764389211e+000
  9.4127448729271790e-001  -2.0152177779337057e+000
  9.4160160063996656e-001  -2.0150161911134150e+000
  9.4198138165988243e-001  -2.0147805972525679e+000
  9.4236116267979830e-001  -2.0145434540668030e+000
  9.4274094369971417e-001  -2.0143048854498700e+000
  9.4312072471963004e-001  -2.0140650138904936e+000
  9.4350050573954591e-001  -2.0138239604723736e+000
  9.4388028675946178e-001  -2.0135818448741860e+000
  9.4426006777937765e-001  -2.0133387853695828e+000
  9.4463984879929352e-001  -2.0130948988271902e+000
  9.4501962981920939e-001  -2.0128503007106109e+000
  9.4539941083912515e-001  -2.0126051050784231e+000
  9.4585818941602140e-001  -2.0123082139977999e+000
  9.4631696799291753e-001  -2.0120105984080552e+000
  9.4677574656981378e-001  -2.0117123063164155e+000
  9.4723452514670992e-001  -2.0114133893416222e+000
  9.4769330372360616e-001  -2.0111139027139293e+000
  9.4815208230050230e-001  -2.0108139052751057e+000
  9.4861086087739854e-001  -2.0105134594784335e+000
  9.4906963945429468e-001  -2.0102126313887094e+000
  9.4952841803119092e-001  -2.0099114906822435e+000
  9.4998719660808717e-001  -2.0096101106468600e+000
  9.5055167191841283e-001  -2.0092390127180821e+000
  9.5111614722873838e-001  -2.0088675794573407e+000
  9.5168062253906405e-001  -2.0084958156302770e+000
  9.5224509784938960e-001  -2.0081237321750471e+000
  9.5280957315971526e-001  -2.0077513462023227e+000
  9.5337404847004092e-001  -2.0073786809952918e+000
  9.5393852378036648e-001  -2.0070057660096574e+000
  9.5450299909069214e-001  -2.0066326368736394e+000
  9.5506747440101769e-001  -2.0062593353879716e+000
  9.5563194971134335e-001  -2.0058859095259054e+000
  9.5635495333088572e-001  -2.0054074393723353e+000
  9.5707795695042808e-001  -2.0049287290394253e+000
  9.5780096056997033e-001  -2.0044497640915342e+000
  9.5852396418951269e-001  -2.0039705373064245e+000
  9.5924696780905505e-001  -2.0034910486752642e+000
  9.5996997142859741e-001  -2.0030113054026235e+000
  9.6069297504813966e-001  -2.0025313219064778e+000
  9.6141597866768203e-001  -2.0020511198182049e+000
  9.6213898228722439e-001  -2.0015707279825881e+000
  9.6286198590676675e-001  -2.0010901824578129e+000
  9.6382549199041034e-001  -2.0004495432343110e+000
  9.6478899807405383e-001  -1.9998085654478082e+000
  9.6575250415769742e-001  -1.9991672256272177e+000
  9.6671601024134102e-001  -1.9985255086868767e+000
  9.6767951632498450e-001  -1.9978834079265435e+000
  9.6864302240862810e-001  -1.9972409250313996e+000
  9.6960652849227169e-001  -1.9965980700720480e+000
  9.7057003457591517e-001  -1.9959548615045151e+000
  9.7153354065955877e-001  -1.9953113261702480e+000
  9.7249704674320236e-001  -1.9946674992961178e+000
  9.7380388986101851e-001  -1.9937938051445556e+000
  9.7511073297883477e-001  -1.9929195187307658e+000
  9.7641757609665092e-001  -1.9920445684770494e+000
  9.7772441921446718e-001  -1.9911689070436653e+000
  9.7903126233228333e-001  -1.9902925113288310e+000
  9.8033810545009958e-001  -1.9894153824687213e+000
  9.8164494856791573e-001  -1.9885375458374697e+000
  9.8295179168573199e-001  -1.9876590510471670e+000
  9.8425863480354814e-001  -1.9867799719478627e+000
  9.8556547792136440e-001  -1.9859004066275643e+000
  9.8710123968349184e-001  -1.9848664564505003e+000
  9.8863700144561928e-001  -1.9838319530227544e+000
  9.9017276320774672e-001  -1.9827964079584639e+000
  9.9170852496987427e-001  -1.9817595003341661e+000
  9.9324428673200171e-001  -1.9807210766887986e+000
  9.9478004849412915e-001  -1.9796811510236985e+000
  9.9631581025625660e-001  -1.9786399048026035e+000
  9.9785157201838404e-001  -1.9775976869516512e+000
  9.9938733378051148e-001  -1.9765550138593793e+000
  1.0009230955426389e+000  -1.9755125693767253e+000
  1.0020244437473538e+000  -1.9747652392822721e+000
  1.0031257919520684e+000  -1.9740175638423854e+000
  1.0042271401567833e+000  -1.9732692099624167e+000
  1.0053284883614981e+000  -1.9725199617331293e+000
  1.0064298365662128e+000  -1.9717697204306981e+000
  1.0075311847709276e+000  -1.9710185045167086e+000
  1.0086325329756425e+000  -1.9702664496381586e+000
  1.0097338811803571e+000  -1.9695138086274568e+000
  1.0108352293850720e+000  -1.9687609515024236e+000
  1.0119365775897868e+000  -1.9680083654662905e+000
  1.0130151046476175e+000  -1.9672715852681955e+000
  1.0140936317054481e+000  -1.9665344063763373e+000
  1.0151721587632787e+000  -1.9657966147223618e+000
  1.0162506858211093e+000  -1.9650580720651576e+000
  1.0173292128789400e+000  -1.9643187159908551e+000
  1.0184077399367706e+000  -1.9635785599128273e+000
  1.0194862669946012e+000  -1.9628376930716891e+000
  1.0205647940524316e+000  -1.9620962805352982e+000
  1.0216433211102622e+000  -1.9613545631987539e+000
  1.0227218481680929e+000  -1.9606128577843982e+000
  1.0238518140767854e+000  -1.9598357658707783e+000
  1.0249817799854779e+000  -1.9590582239439005e+000
  1.0261117458941706e+000  -1.9582800505077402e+000
  1.0272417118028632e+000  -1.9575011276789609e+000
  1.0283716777115557e+000  -1.9567214011869134e+000
  1.0295016436202482e+000  -1.9559408803736360e+000
  1.0306316095289407e+000  -1.9551596381938552e+000
  1.0317615754376332e+000  -1.9543778112149848e+000
  1.0328915413463260e+000  -1.9535955996171261e+000
  1.0340215072550185e+000  -1.9528132671930687e+000
  1.0352304927796618e+000  -1.9519761114558805e+000
  1.0364394783043054e+000  -1.9511384528481341e+000
  1.0376484638289487e+000  -1.9503000748686166e+000
  1.0388574493535923e+000  -1.9494608360783965e+000
  1.0400664348782356e+000  -1.9486206701008271e+000
  1.0412754204028791e+000  -1.9477795856215447e+000
  1.0424844059275225e+000  -1.9469376663884697e+000
  1.0436933914521660e+000  -1.9460950712118050e+000
  1.0449023769768093e+000  -1.9452520339640380e+000
  1.0461113625014526e+000  -1.9444088635799390e+000
  1.0473716272149973e+000  -1.9435298564352157e+000
  1.0486318919285422e+000  -1.9426503333886544e+000
  1.0498921566420869e+000  -1.9417699923587695e+000
  1.0511524213556316e+000  -1.9408886356628874e+000
  1.0524126860691765e+000  -1.9400061700171489e+000
  1.0536729507827212e+000  -1.9391226065365075e+000
  1.0549332154962661e+000  -1.9382380607347298e+000
  1.0561934802098107e+000  -1.9373527525243956e+000
  1.0574537449233554e+000  -1.9364670062168983e+000
  1.0587140096369003e+000  -1.9355812505224437e+000
  1.0599703180087336e+000  -1.9346983481860078e+000
  1.0612266263805672e+000  -1.9338149491163674e+000
  1.0624829347524005e+000  -1.9329306788002305e+000
  1.0637392431242341e+000  -1.9320452925056191e+000
  1.0649955514960674e+000  -1.9311586752818692e+000
  1.0662518598679009e+000  -1.9302708419596302e+000
  1.0675081682397343e+000  -1.9293819371508654e+000
  1.0687644766115676e+000  -1.9284922352488520e+000
  1.0700207849834011e+000  -1.9276021404281807e+000
  1.0712770933552345e+000  -1.9267121866447561e+000
  1.0724995655494791e+000  -1.9258463722910950e+000
  1.0737220377437238e+000  -1.9249800501520882e+000
  1.0749445099379684e+000  -1.9241128616198890e+000
  1.0761669821322128e+000  -1.9232445731332382e+000
  1.0773894543264575e+000  -1.9223750761774625e+000
  1.0786119265207021e+000  -1.9215043872844761e+000
  1.0798343987149468e+000  -1.9206326480327804e+000
  1.0810568709091914e+000  -1.9197601250474636e+000
  1.0822793431034361e+000  -1.9188872100002001e+000
  1.0835018152976805e+000  -1.9180144196092523e+000
  1.0847065587550353e+000  -1.9171543965210220e+000
  1.0859113022123903e+000  -1.9162938223612629e+000
  1.0871160456697451e+000  -1.9154324040948769e+000
  1.0883207891270998e+000  -1.9145699513347316e+000
  1.0895255325844548e+000  -1.9137063763416593e+000
  1.0907302760418096e+000  -1.9128416940244584e+000
  1.0919350194991646e+000  -1.9119760219398922e+000
  1.0931397629565194e+000  -1.9111095802926905e+000
  1.0943445064138742e+000  -1.9102426919355471e+000
  1.0955492498712291e+000  -1.9093757823691222e+000
  1.0967753253002619e+000  -1.9084934848030892e+000
  1.0980014007292946e+000  -1.9076105797407261e+000
  1.0992274761583274e+000  -1.9067268148776872e+000
  1.1004535515873601e+000  -1.9058420260821942e+000
  1.1016796270163929e+000  -1.9049561373950361e+000
  1.1029057024454256e+000  -1.9040691610295690e+000
  1.1041317778744584e+000  -1.9031811973717165e+000
  1.1053578533034911e+000  -1.9022924349799692e+000
  1.1065839287325239e+000  -1.9014031505853857e+000
  1.1078100041615566e+000  -1.9005137090915909e+000
  1.1090858423864922e+000  -1.8995880078217942e+000
  1.1103616806114278e+000  -1.8986616343080598e+000
  1.1116375188363632e+000  -1.8977343305858809e+000
  1.1129133570612988e+000  -1.8968059282941092e+000
  1.1141891952862344e+000  -1.8958763486749557e+000
  1.1154650335111700e+000  -1.8949456025739904e+000
  1.1167408717361056e+000  -1.8940137904401428e+000
  1.1180167099610410e+000  -1.8930811023257013e+000
  1.1192925481859766e+000  -1.8921478178863125e+000
  1.1205683864109122e+000  -1.8912143063809832e+000
  1.1218928422925816e+000  -1.8902450190386870e+000
  1.1232172981742512e+000  -1.8892750057321541e+000
  1.1245417540559206e+000  -1.8883039644940829e+000
  1.1258662099375902e+000  -1.8873316978395192e+000
  1.1271906658192596e+000  -1.8863581127658566e+000
  1.1285151217009290e+000  -1.8853832207528352e+000
  1.1298395775825987e+000  -1.8844071377625431e+000
  1.1311640334642681e+000  -1.8834300842394158e+000
  1.1324884893459377e+000  -1.8824523851102357e+000
  1.1338129452276071e+000  -1.8814744697841335e+000
  1.1351605558550721e+000  -1.8804792914526895e+000
  1.1365081664825369e+000  -1.8794833573837761e+000
  1.1378557771100020e+000  -1.8784863126707074e+000
  1.1392033877374668e+000  -1.8774879251994523e+000
  1.1405509983649318e+000  -1.8764880856486343e+000
  1.1418986089923966e+000  -1.8754868074895326e+000
  1.1432462196198616e+000  -1.8744842269860793e+000
  1.1445938302473264e+000  -1.8734806031948634e+000
  1.1459414408747914e+000  -1.8724763179651269e+000
  1.1472890515022565e+000  -1.8714718759387681e+000
  1.1486350739609690e+000  -1.8704685040708673e+000
  1.1499810964196815e+000  -1.8694643500560844e+000
  1.1513271188783940e+000  -1.8684590398440888e+000
  1.1526731413371065e+000  -1.8674523291227902e+000
  1.1540191637958190e+000  -1.8664441033183368e+000
  1.1553651862545316e+000  -1.8654343775951168e+000
  1.1567112087132441e+000  -1.8644232968557577e+000
  1.1580572311719566e+000  -1.8634111357411265e+000
  1.1594032536306691e+000  -1.8623982986303294e+000
  1.1607492760893816e+000  -1.8613853196407124e+000
  1.1620910705737786e+000  -1.8603753949355417e+000
  1.1634328650581758e+000  -1.8593646414103182e+000
  1.1647746595425728e+000  -1.8583527075145063e+000
  1.1661164540269697e+000  -1.8573393639349536e+000
  1.1674582485113667e+000  -1.8563245035958924e+000
  1.1688000429957639e+000  -1.8553081416589392e+000
  1.1701418374801609e+000  -1.8542904155230948e+000
  1.1714836319645578e+000  -1.8532715848247439e+000
  1.1728254264489550e+000  -1.8522520314376554e+000
  1.1741672209333520e+000  -1.8512322594729826e+000
  1.1755230541242909e+000  -1.8502015939784957e+000
  1.1768788873152298e+000  -1.8491700292509246e+000
  1.1782347205061685e+000  -1.8481372432100731e+000
  1.1795905536971074e+000  -1.8471030257236476e+000
  1.1809463868880463e+000  -1.8460672786072565e+000
  1.1823022200789852e+000  -1.8450300156244110e+000
  1.1836580532699239e+000  -1.8439913624865247e+000
  1.1850138864608628e+000  -1.8429515568529125e+000
  1.1863697196518017e+000  -1.8419109483307925e+000
  1.1877255528427406e+000  -1.8408699984752850e+000
  1.1891173660740544e+000  -1.8398010735809811e+000
  1.1905091793053681e+000  -1.8387311587687374e+000
  1.1919009925366819e+000  -1.8376599388381478e+000
  1.1932928057679957e+000  -1.8365872077796204e+000
  1.1946846189993094e+000  -1.8355128687743765e+000
  1.1960764322306232e+000  -1.8344369341944518e+000
  1.1974682454619372e+000  -1.8333595256026951e+000
  1.1988600586932510e+000  -1.8322808737527698e+000
  1.2002518719245647e+000  -1.8312013185891529e+000
  1.2016436851558785e+000  -1.8301213092471347e+000
  1.2030807401752048e+000  -1.8290057384270104e+000
  1.2045177951945312e+000  -1.8278890781634178e+000
  1.2059548502138573e+000  -1.8267709916068002e+000
  1.2073919052331836e+000  -1.8256512581846298e+000
  1.2088289602525100e+000  -1.8245297736014070e+000
  1.2102660152718363e+000  -1.8234065498386609e+000
  1.2117030702911624e+000  -1.8222817151549495e+000
  1.2131401253104888e+000  -1.8211555140858586e+000
  1.2145771803298151e+000  -1.8200283074440029e+000
  1.2160142353491414e+000  -1.8189005723190259e+000
  1.2174888070596157e+000  -1.8177428837232483e+000
  1.2189633787700900e+000  -1.8165840129787554e+000
  1.2204379504805642e+000  -1.8154235855343199e+000
  1.2219125221910385e+000  -1.8142613559131007e+000
  1.2233870939015130e+000  -1.8130972077126415e+000
  1.2248616656119873e+000  -1.8119311536048728e+000
  1.2263362373224616e+000  -1.8107633353361097e+000
  1.2278108090329358e+000  -1.8095940237270529e+000
  1.2292853807434101e+000  -1.8084236186727889e+000
  1.2307599524538844e+000  -1.8072526491427896e+000
  1.2322569071419507e+000  -1.8060633661644336e+000
  1.2337538618300168e+000  -1.8048728159389931e+000
  1.2352508165180831e+000  -1.8036805945385732e+000
  1.2367477712061492e+000  -1.8024864372483484e+000
  1.2382447258942155e+000  -1.8012902185665622e+000
  1.2397416805822818e+000  -1.8000919522045269e+000
  1.2412386352703479e+000  -1.7988917910866240e+000
  1.2427355899584143e+000  -1.7976900273503043e+000
  1.2442325446464804e+000  -1.7964870923460874e+000
  1.2457294993345467e+000  -1.7952835566375618e+000
  1.2472410893191894e+000  -1.7940676684490255e+000
  1.2487526793038324e+000  -1.7928504182263569e+000
  1.2502642692884751e+000  -1.7916313977617555e+000
  1.2517758592731181e+000  -1.7904103396033308e+000
  1.2532874492577608e+000  -1.7891871170551035e+000
  1.2547990392424038e+000  -1.7879617441770037e+000
  1.2563106292270465e+000  -1.7867343757848742e+000
  1.2578222192116895e+000  -1.7855053074504665e+000
  1.2593338091963322e+000  -1.7842749755014440e+000
  1.2608453991809752e+000  -1.7830439570213801e+000
  1.2623781226393243e+000  -1.7817950339659194e+000
  1.2639108460976736e+000  -1.7805446259980791e+000
  1.2654435695560227e+000  -1.7792923372981533e+000
  1.2669762930143720e+000  -1.7780379084055613e+000
  1.2685090164727211e+000  -1.7767812162188472e+000
  1.2700417399310704e+000  -1.7755222739956795e+000
  1.2715744633894195e+000  -1.7742612313528523e+000
  1.2731071868477688e+000  -1.7729983742662834e+000
  1.2746399103061179e+000  -1.7717341250710164e+000
  1.2761726337644672e+000  -1.7704690424612193e+000
  1.2777418520882653e+000  -1.7691729761741311e+000
  1.2793110704120634e+000  -1.7678752636674515e+000
  1.2808802887358615e+000  -1.7665755167974448e+000
  1.2824495070596598e+000  -1.7652734807185169e+000
  1.2840187253834578e+000  -1.7639690338832148e+000
  1.2855879437072559e+000  -1.7626621880422264e+000
  1.2871571620310540e+000  -1.7613530882443813e+000
  1.2887263803548521e+000  -1.7600420128366505e+000
  1.2902955986786502e+000  -1.7587293734641463e+000
  1.2918648170024485e+000  -1.7574157150701215e+000
  1.2934838436425211e+000  -1.7560593001133076e+000
  1.2951028702825937e+000  -1.7547010391376503e+000
  1.2967218969226664e+000  -1.7533405334924801e+000
  1.2983409235627390e+000  -1.7519775208410984e+000
  1.2999599502028116e+000  -1.7506118751607782e+000
  1.3015789768428843e+000  -1.7492436067427632e+000
  1.3031980034829569e+000  -1.7478728621922692e+000
  1.3048170301230295e+000  -1.7464999244284822e+000
  1.3064360567631021e+000  -1.7451252126845604e+000
  1.3080550834031748e+000  -1.7437492825076326e+000
  1.3097277176257685e+000  -1.7423265325340691e+000
  1.3114003518483621e+000  -1.7409017083727700e+000
  1.3130729860709558e+000  -1.7394743832858794e+000
  1.3147456202935495e+000  -1.7380442758777339e+000
  1.3164182545161429e+000  -1.7366112500948621e+000
  1.3180908887387366e+000  -1.7351753152259835e+000
  1.3197635229613303e+000  -1.7337366259020104e+000
  1.3214361571839239e+000  -1.7322954820960474e+000
  1.3231087914065176e+000  -1.7308523291233904e+000
  1.3247814256291113e+000  -1.7294077576415272e+000
  1.3265027984467634e+000  -1.7279196346616601e+000
  1.3282241712644158e+000  -1.7264291898685604e+000
  1.3299455440820680e+000  -1.7249359631521655e+000
  1.3316669168997202e+000  -1.7234396506334013e+000
  1.3333882897173726e+000  -1.7219401046641840e+000
  1.3351096625350247e+000  -1.7204373338274195e+000
  1.3368310353526769e+000  -1.7189315029370034e+000
  1.3385524081703293e+000  -1.7174229330378210e+000
  1.3402737809879814e+000  -1.7159121014057477e+000
  1.3419951538056336e+000  -1.7143996415476483e+000
  1.3437597019401202e+000  -1.7128475714228355e+000
  1.3455242500746070e+000  -1.7112929039483074e+000
  1.3472887982090935e+000  -1.7097351562596570e+000
  1.3490533463435801e+000  -1.7081740089482180e+000
  1.3508178944780667e+000  -1.7066093060610643e+000
  1.3525824426125534e+000  -1.7050410551010102e+000
  1.3543469907470400e+000  -1.7034694270266109e+000
  1.3561115388815266e+000  -1.7018947562521618e+000
  1.3578760870160131e+000  -1.7003175406476987e+000
  1.3596406351504999e+000  -1.6987384415389979e+000
  1.3614507304842201e+000  -1.6971166229043257e+000
  1.3632608258179402e+000  -1.6954918736220379e+000
  1.3650709211516601e+000  -1.6938637048337826e+000
  1.3668810164853802e+000  -1.6922317923711034e+000
  1.3686911118191003e+000  -1.6905959767554408e+000
  1.3705012071528204e+000  -1.6889562631981303e+000
  1.3723113024865405e+000  -1.6873128216004039e+000
  1.3741213978202604e+000  -1.6856659865533892e+000
  1.3759314931539806e+000  -1.6840162573381094e+000
  1.3777415884877007e+000  -1.6823642979254840e+000
  1.3796103347155115e+000  -1.6806564515033069e+000
  1.3814790809433222e+000  -1.6789452397362439e+000
  1.3833478271711330e+000  -1.6772301760099870e+000
  1.3852165733989439e+000  -1.6755109362886351e+000
  1.3870853196267545e+000  -1.6737873591146943e+000
  1.3889540658545654e+000  -1.6720594456090769e+000
  1.3908228120823762e+000  -1.6703273594711030e+000
  1.3926915583101869e+000  -1.6685914269784992e+000
  1.3945603045379977e+000  -1.6668521369873983e+000
  1.3964290507658086e+000  -1.6651101409323414e+000
  1.3983765407815953e+000  -1.6632918281552325e+000
  1.4003240307973819e+000  -1.6614695634937364e+000
  1.4022715208131686e+000  -1.6596428575228415e+000
  1.4042190108289552e+000  -1.6578113822511014e+000
  1.4061665008447419e+000  -1.6559749711206335e+000
  1.4081139908605285e+000  -1.6541336190071210e+000
  1.4100614808763152e+000  -1.6522874822198110e+000
  1.4120089708921020e+000  -1.6504368785015162e+000
  1.4139564609078885e+000  -1.6485822870286133e+000
  1.4159039509236753e+000  -1.6467243484110439e+000
  1.4179515721454337e+000  -1.6447672254485908e+000
  1.4199991933671920e+000  -1.6428053552203599e+000
  1.4220468145889507e+000  -1.6408382336948575e+000
  1.4240944358107090e+000  -1.6388655201317130e+000
  1.4261420570324674e+000  -1.6368870370816759e+000
  1.4281896782542258e+000  -1.6349027703866186e+000
  1.4302372994759842e+000  -1.6329128691795338e+000
  1.4322849206977428e+000  -1.6309176458845374e+000
  1.4343325419195012e+000  -1.6289175762168659e+000
  1.4363801631412596e+000  -1.6269132991828781e+000
  1.4385484149216639e+000  -1.6247862873597991e+000
  1.4407166667020679e+000  -1.6226534441673712e+000
  1.4428849184824721e+000  -1.6205142438181193e+000
  1.4450531702628762e+000  -1.6183683265798512e+000
  1.4472214220432804e+000  -1.6162154987756576e+000
  1.4493896738236844e+000  -1.6140557327839122e+000
  1.4515579256040887e+000  -1.6118891670382707e+000
  1.4537261773844927e+000  -1.6097161060276726e+000
  1.4558944291648970e+000  -1.6075370202963390e+000
  1.4580626809453010e+000  -1.6053525464437748e+000
  1.4603767028307590e+000  -1.6030151432759738e+000
  1.4626907247162171e+000  -1.6006703745324566e+000
  1.4650047466016751e+000  -1.5983177057011746e+000
  1.4673187684871334e+000  -1.5959567639332990e+000
  1.4696327903725914e+000  -1.5935873380432213e+000
  1.4719468122580495e+000  -1.5912093785085522e+000
  1.4742608341435075e+000  -1.5888229974701220e+000
  1.4765748560289655e+000  -1.5864284687319814e+000
  1.4788888779144236e+000  -1.5840262277614008e+000
  1.4812028997998818e+000  -1.5816168716888697e+000
  1.4837125467959893e+000  -1.5789955271129583e+000
  1.4862221937920967e+000  -1.5763643948145278e+000
  1.4887318407882042e+000  -1.5737230041342281e+000
  1.4912414877843116e+000  -1.5710710109701600e+000
  1.4937511347804191e+000  -1.5684081977778737e+000
  1.4962607817765265e+000  -1.5657344735703695e+000
  1.4987704287726340e+000  -1.5630498739180982e+000
  1.5012800757687415e+000  -1.5603545609489602e+000
  1.5037897227648489e+000  -1.5576488233483057e+000
  1.5062993697609564e+000  -1.5549330763589355e+000
  1.5091611320887461e+000  -1.5518232828266494e+000
  1.5120228944165359e+000  -1.5486985468654195e+000
  1.5148846567443257e+000  -1.5455589006549819e+000
  1.5177464190721155e+000  -1.5424042983605295e+000
  1.5206081813999053e+000  -1.5392346161327131e+000
  1.5234699437276951e+000  -1.5360496521076401e+000
  1.5263317060554848e+000  -1.5328491264068762e+000
  1.5291934683832746e+000  -1.5296326811374441e+000
  1.5320552307110644e+000  -1.5263998803918239e+000
  1.5349169930388542e+000  -1.5231502102479528e+000
  1.5377150985229224e+000  -1.5199550533696256e+000
  1.5405132040069904e+000  -1.5167423927033203e+000
  1.5433113094910587e+000  -1.5135135786544192e+000
  1.5461094149751269e+000  -1.5102694156327521e+000
  1.5489075204591951e+000  -1.5070101620525971e+000
  1.5517056259432631e+000  -1.5037355303326791e+000
  1.5545037314273313e+000  -1.5004446868961712e+000
  1.5573018369113996e+000  -1.4971362521706937e+000
  1.5600999423954676e+000  -1.4938083005883152e+000
  1.5628980478795358e+000  -1.4904583605855506e+000
  1.5653994775969970e+000  -1.4874444076871223e+000
  1.5679009073144581e+000  -1.4844144206751346e+000
  1.5704023370319193e+000  -1.4813695238829243e+000
  1.5729037667493806e+000  -1.4783103642918434e+000
  1.5754051964668416e+000  -1.4752371115312606e+000
  1.5779066261843029e+000  -1.4721494578785590e+000
  1.5804080559017641e+000  -1.4690466182591384e+000
  1.5829094856192254e+000  -1.4659273302464140e+000
  1.5854109153366864e+000  -1.4627898540618167e+000
  1.5879123450541477e+000  -1.4596319725747928e+000
  1.5903940553380649e+000  -1.4564785690720248e+000
  1.5928757656219821e+000  -1.4533068889183751e+000
  1.5953574759058993e+000  -1.4501175876672934e+000
  1.5978391861898165e+000  -1.4469109778575509e+000
  1.6003208964737337e+000  -1.4436870290132422e+000
  1.6028026067576508e+000  -1.4404453676437838e+000
  1.6052843170415680e+000  -1.4371852772439155e+000
  1.6077660273254852e+000  -1.4339056982936988e+000
  1.6102477376094022e+000  -1.4306052282585184e+000
  1.6127294478933194e+000  -1.4272821215890810e+000
  1.6153662448663693e+000  -1.4237258917226490e+000
  1.6180030418394189e+000  -1.4201447746975719e+000
  1.6206398388124688e+000  -1.4165393211934927e+000
  1.6232766357855186e+000  -1.4129097058846385e+000
  1.6259134327585683e+000  -1.4092557274398199e+000
  1.6285502297316181e+000  -1.4055768085224298e+000
  1.6311870267046680e+000  -1.4018719957904455e+000
  1.6338238236777176e+000  -1.3981399598964281e+000
  1.6364606206507675e+000  -1.3943789954875205e+000
  1.6390974176238173e+000  -1.3905870212054503e+000
  1.6418981516925415e+000  -1.3865241501254697e+000
  1.6446988857612654e+000  -1.3824261472116943e+000
  1.6474996198299896e+000  -1.3782934542637446e+000
  1.6503003538987135e+000  -1.3741260322701043e+000
  1.6531010879674377e+000  -1.3699233614081170e+000
  1.6559018220361617e+000  -1.3656844410439892e+000
  1.6587025561048858e+000  -1.3614077897327874e+000
  1.6615032901736098e+000  -1.3570914452184413e+000
  1.6643040242423339e+000  -1.3527329644337398e+000
  1.6671047583110579e+000  -1.3483294235003358e+000
  1.6700577190645549e+000  -1.3436357891796860e+000
  1.6730106798180522e+000  -1.3388907779729058e+000
  1.6759636405715492e+000  -1.3340943790064961e+000
  1.6789166013250463e+000  -1.3292459555186098e+000
  1.6818695620785435e+000  -1.3243442448590528e+000
  1.6848225228320406e+000  -1.3193873584892863e+000
  1.6877754835855376e+000  -1.3143727819824231e+000
  1.6907284443390349e+000  -1.3092973750232300e+000
  1.6936814050925320e+000  -1.3041573714081276e+000
  1.6966343658460290e+000  -1.2989483790451897e+000
  1.6997730089725871e+000  -1.2933325628224874e+000
  1.7029116520991450e+000  -1.2876344990588624e+000
  1.7060502952257031e+000  -1.2818528012243744e+000
  1.7091889383522609e+000  -1.2759851440320102e+000
  1.7123275814788190e+000  -1.2700282634376816e+000
  1.7154662246053771e+000  -1.2639779566402269e+000
  1.7186048677319350e+000  -1.2578290820814109e+000
  1.7217435108584931e+000  -1.2515755594459224e+000
  1.7248821539850510e+000  -1.2452103696613781e+000
  1.7280207971116091e+000  -1.2387255548983191e+000
  1.7314122979129301e+000  -1.2315753101940172e+000
  1.7348037987142513e+000  -1.2242715558412178e+000
  1.7381952995155723e+000  -1.2168081966079927e+000
  1.7415868003168935e+000  -1.2091770516932501e+000
  1.7449783011182145e+000  -1.2013678547267406e+000
  1.7483698019195357e+000  -1.1933682537690520e+000
  1.7517613027208567e+000  -1.1851638113116132e+000
  1.7551528035221780e+000  -1.1767380042766913e+000
  1.7585443043234990e+000  -1.1680722240173946e+000
  1.7619358051248202e+000  -1.1591457763176689e+000
  1.7657307743240882e+000  -1.1488155662514223e+000
  1.7695257435233565e+000  -1.1380988372760470e+000
  1.7733207127226245e+000  -1.1269696135409646e+000
  1.7771156819218927e+000  -1.1153895604701722e+000
  1.7809106511211608e+000  -1.1033079847622467e+000
  1.7847056203204290e+000  -1.0906618343903396e+000
  1.7885005895196970e+000  -1.0773756986021827e+000
  1.7922955587189653e+000  -1.0633618079200828e+000
  1.7960905279182333e+000  -1.0485200341409266e+000
  1.7998854971175016e+000  -1.0327378903361757e+000
  1.8032077872565291e+000  -1.0179911874864203e+000
  1.8065300773955564e+000  -1.0022749155154114e+000
  1.8098523675345839e+000  -9.8552319280265333e-001
  1.8131746576736114e+000  -9.6758888045252012e-001
  1.8164969478126389e+000  -9.4824358229425065e-001
  1.8198192379516662e+000  -9.2717764488195187e-001
  1.8231415280906937e+000  -9.0400015749459217e-001
  1.8264638182297213e+000  -8.7823895213601089e-001
  1.8297861083687488e+000  -8.4934060353491181e-001
  1.8331083985077761e+000  -8.1667042914486643e-001
  1.8362678397674976e+000  -7.8039612514528311e-001
  1.8394272810272194e+000  -7.3901453840263409e-001
  1.8425867222869412e+000  -6.9268177566611522e-001
  1.8457461635466628e+000  -6.3921047140303200e-001
  1.8489056048063843e+000  -5.7406978779879103e-001
  1.8520650460661061e+000  -4.9038541475690334e-001
  1.8552244873258279e+000  -3.7893956989899685e-001
  1.8583839285855495e+000  -2.2817099856481515e-001
  1.8615433698452710e+000  -2.4174973812193468e-002
  1.8647028111049928e+000  2.4929670358294065e-001
  1.8652947892754546e+000  3.0978161496945694e-001
  1.8658867674459161e+000  3.7357012347370994e-001
  1.8664787456163778e+000  4.4070769549825761e-001
  1.8670707237868396e+000  5.1114020337251964e-001
  1.8676627019573011e+000  5.8471392535284461e-001
  1.8682546801277629e+000  6.6117554562259717e-001
  1.8688466582982246e+000  7.4017215429199368e-001
  1.8694386364686861e+000  8.2125124739817945e-001
  1.8700306146391479e+000  9.0386072690532537e-001
  1.8706225928096096e+000  9.8734890070442982e-001
  1.8712145709800714e+000  1.0710445434332996e+000
  1.8718065491505329e+000  1.1540147055436276e+000
  1.8723985273209947e+000  1.2352378651702998e+000
  1.8729905054914564e+000  1.3138224365516327e+000
  1.8735824836619179e+000  1.3890067700294697e+000
  1.8741744618323797e+000  1.4601591520492621e+000
  1.8747664400028414e+000  1.5267778051599001e+000
  1.8753584181733030e+000  1.5884908880138036e+000
  1.8759503963437647e+000  1.6450564953669851e+000
  1.8765423745142265e+000  1.6963626580789017e+000
  1.8769912942167475e+000  1.7316717761181417e+000
  1.8774402139192687e+000  1.7638869017491257e+000
  1.8778891336217898e+000  1.7931691806018588e+000
  1.8783380533243110e+000  1.8196809239134129e+000
  1.8787869730268321e+000  1.8435856085278095e+000
  1.8792358927293533e+000  1.8650478768961258e+000
  1.8796848124318744e+000  1.8842335370763990e+000
  1.8801337321343956e+000  1.9013095627337120e+000
  1.8805826518369166e+000  1.9164440931401172e+000
  1.8810315715394379e+000  1.9298064331747018e+000
  1.8813765124511888e+000  1.9389924130772578e+000
  1.8817214533629394e+000  1.9473313658425551e+000
  1.8820663942746902e+000  1.9548839529783195e+000
  1.8824113351864409e+000  1.9617093552490259e+000
  1.8827562760981917e+000  1.9678652726759382e+000
  1.8831012170099424e+000  1.9734079245370733e+000
  1.8834461579216932e+000  1.9783920493672333e+000
  1.8837910988334439e+000  1.9828709049579769e+000
  1.8841360397451947e+000  1.9868962683576452e+000
  1.8844809806569456e+000  1.9905184358713393e+000
  1.8848206973398771e+000  1.9937319382953511e+000
  1.8851604140228089e+000  1.9966198674729896e+000
  1.8855001307057404e+000  1.9992075688684912e+000
  1.8858398473886722e+000  2.0015196940704554e+000
  1.8861795640716037e+000  2.0035802007918297e+000
  1.8865192807545355e+000  2.0054123528699250e+000
  1.8868589974374670e+000  2.0070387202664000e+000
  1.8871987141203985e+000  2.0084811790672745e+000
  1.8875384308033303e+000  2.0097609114829220e+000
  1.8878781474862618e+000  2.0108984058480703e+000
  1.8881814816491063e+000  2.0118056598940663e+000
  1.8884848158119509e+000  2.0126162391729299e+000
  1.8887881499747954e+000  2.0133375057337490e+000
  1.8890914841376398e+000  2.0139765504004767e+000
  1.8893948183004843e+000  2.0145401927719275e+000
  1.8896981524633290e+000  2.0150349812217776e+000
  1.8900014866261734e+000  2.0154671928985661e+000
  1.8903048207890178e+000  2.0158428337256939e+000
  1.8906081549518623e+000  2.0161676384014258e+000
  1.8909114891147070e+000  2.0164470703988870e+000
  1.8912039834198222e+000  2.0166774543699164e+000
  1.8914964777249375e+000  2.0168719391783134e+000
  1.8917889720300525e+000  2.0170332289584780e+000
  1.8920814663351677e+000  2.0171639220968585e+000
  1.8923739606402830e+000  2.0172665112319517e+000
  1.8926664549453982e+000  2.0173433832543037e+000
  1.8929589492505132e+000  2.0173968193065099e+000
  1.8932514435556285e+000  2.0174289947832134e+000
  1.8935439378607437e+000  2.0174419793311062e+000
  1.8938364321658590e+000  2.0174377368489305e+000
  1.8941040476965703e+000  2.0174200531367212e+000
  1.8943716632272816e+000  2.0173899848563615e+000
  1.8946392787579927e+000  2.0173484153262491e+000
  1.8949068942887040e+000  2.0172961908604430e+000
  1.8951745098194153e+000  2.0172341207686628e+000
  1.8954421253501266e+000  2.0171629773562896e+000
  1.8957097408808379e+000  2.0170834959243651e+000
  1.8959773564115490e+000  2.0169963747695920e+000
  1.8962449719422603e+000  2.0169022751843335e+000
  1.8965125874729716e+000  2.0168018214566144e+000
  1.8967849331992785e+000  2.0166936047339958e+000
  1.8970572789255853e+000  2.0165797537928225e+000
  1.8973296246518923e+000  2.0164606743366122e+000
  1.8976019703781992e+000  2.0163367551496219e+000
  1.8978743161045062e+000  2.0162083680968457e+000
  1.8981466618308129e+000  2.0160758681240156e+000
  1.8984190075571199e+000  2.0159395932576012e+000
  1.8986913532834269e+000  2.0157998646048103e+000
  1.8989636990097336e+000  2.0156569863535885e+000
  1.8992360447360406e+000  2.0155112457726188e+000
  1.8995607945296875e+000  2.0153340672261679e+000
  1.8998855443233345e+000  2.0151534775449131e+000
  1.9002102941169814e+000  2.0149697458460087e+000
  1.9005350439106283e+000  2.0147831322279575e+000
  1.9008597937042753e+000  2.0145938877706122e+000
  1.9011845434979222e+000  2.0144022545351752e+000
  1.9015092932915691e+000  2.0142084655641979e+000
  1.9018340430852161e+000  2.0140127448815823e+000
  1.9021587928788630e+000  2.0138153074925786e+000
  1.9024835426725100e+000  2.0136163593837875e+000
  1.9028570199366945e+000  2.0133858939522322e+000
  1.9032304972008791e+000  2.0131537709742635e+000
  1.9036039744650637e+000  2.0129201233748995e+000
  1.9039774517292483e+000  2.0126850820485349e+000
  1.9043509289934328e+000  2.0124487758589393e+000
  1.9047244062576172e+000  2.0122113316392598e+000
  1.9050978835218018e+000  2.0119728741920184e+000
  1.9054713607859863e+000  2.0117335262891127e+000
  1.9058448380501709e+000  2.0114934086718175e+000
  1.9062183153143555e+000  2.0112526400507824e+000
  1.9066701167343354e+000  2.0109606205084600e+000
  1.9071219181543151e+000  2.0106678126441104e+000
  1.9075737195742950e+000  2.0103742705939363e+000
  1.9080255209942749e+000  2.0100800517985045e+000
  1.9084773224142548e+000  2.0097852170027450e+000
  1.9089291238342345e+000  2.0094898302559505e+000
  1.9093809252542144e+000  2.0091939589117760e+000
  1.9098327266741943e+000  2.0088976736282413e+000
  1.9102845280941740e+000  2.0086010483677277e+000
  1.9107363295141540e+000  2.0083041603969796e+000
  1.9112895176300464e+000  2.0079403403406113e+000
  1.9118427057459386e+000  2.0075761614283958e+000
  1.9123958938618311e+000  2.0072116314389641e+000
  1.9129490819777233e+000  2.0068467641338064e+000
  1.9135022700936157e+000  2.0064815792572697e+000
  1.9140554582095080e+000  2.0061161025365579e+000
  1.9146086463254004e+000  2.0057503656817328e+000
  1.9151618344412926e+000  2.0053844063857129e+000
  1.9157150225571851e+000  2.0050182683242750e+000
  1.9162682106730773e+000  2.0046520011560518e+000
  1.9169748216778544e+000  2.0041839781844439e+000
  1.9176814326826312e+000  2.0037157131694521e+000
  1.9183880436874083e+000  2.0032471926792597e+000
  1.9190946546921854e+000  2.0027784104961559e+000
  1.9198012656969623e+000  2.0023093676165313e+000
  1.9205078767017394e+000  2.0018400722508809e+000
  1.9212144877065165e+000  2.0013705398238026e+000
  1.9219210987112936e+000  2.0009007929739981e+000
  1.9226277097160704e+000  2.0004308615542721e+000
  1.9233343207208475e+000  1.9999607826315327e+000
  1.9242716995458080e+000  1.9993369517970110e+000
  1.9252090783707685e+000  1.9987127967660783e+000
  1.9261464571957290e+000  1.9980882951844612e+000
  1.9270838360206897e+000  1.9974634327994498e+000
  1.9280212148456501e+000  1.9968382034598973e+000
  1.9289585936706106e+000  1.9962126091162207e+000
  1.9298959724955711e+000  1.9955866598203995e+000
  1.9308333513205316e+000  1.9949603737259776e+000
  1.9317707301454921e+000  1.9943337770880611e+000
  1.9327081089704525e+000  1.9937069042633204e+000
  1.9339832180424679e+000  1.9928537444831882e+000
  1.9352583271144834e+000  1.9920000135331590e+000
  1.9365334361864988e+000  1.9911456503758620e+000
  1.9378085452585143e+000  1.9902906146354862e+000
  1.9390836543305296e+000  1.9894348865977836e+000
  1.9403587634025450e+000  1.9885784672100666e+000
  1.9416338724745605e+000  1.9877213780812095e+000
  1.9429089815465759e+000  1.9868636614816479e+000
  1.9441840906185914e+000  1.9860053803433790e+000
  1.9454591996906068e+000  1.9851466182599615e+000
  1.9469937164817912e+000  1.9841127674837806e+000
  1.9485282332729759e+000  1.9830783069898732e+000
  1.9500627500641603e+000  1.9820428261329393e+000
  1.9515972668553450e+000  1.9810060549495729e+000
  1.9531317836465294e+000  1.9799678641582643e+000
  1.9546663004377141e+000  1.9789282651593967e+000
  1.9562008172288985e+000  1.9778874100352490e+000
  1.9577353340200832e+000  1.9768455915499947e+000
  1.9592698508112676e+000  1.9758032431497019e+000
  1.9608043676024522e+000  1.9747609389623335e+000
  1.9619405449963283e+000  1.9739893550686820e+000
  1.9630767223902046e+000  1.9732174189058118e+000
  1.9642128997840806e+000  1.9724447869459607e+000
  1.9653490771779569e+000  1.9716712357406656e+000
  1.9664852545718330e+000  1.9708966619207642e+000
  1.9676214319657093e+000  1.9701210821963939e+000
  1.9687576093595853e+000  1.9693446333569935e+000
  1.9698937867534616e+000  1.9685675722713010e+000
  1.9710299641473377e+000  1.9677902758873549e+000
  1.9721661415412139e+000  1.9670132412324943e+000
  1.9732715246659873e+000  1.9662574924307421e+000
  1.9743769077907607e+000  1.9655013467006119e+000
  1.9754822909155343e+000  1.9647445517060167e+000
  1.9765876740403077e+000  1.9639869439741433e+000
  1.9776930571650810e+000  1.9632284488954512e+000
  1.9787984402898544e+000  1.9624690807236731e+000
  1.9799038234146278e+000  1.9617089425758143e+000
  1.9810092065394012e+000  1.9609482264321538e+000
  1.9821145896641748e+000  1.9601872131362428e+000
  1.9832199727889481e+000  1.9594262723949063e+000
  1.9840589741495007e+000  1.9588486935864435e+000
  1.9848979755100533e+000  1.9582707903925689e+000
  1.9857369768706059e+000  1.9576925395846418e+000
  1.9865759782311585e+000  1.9571139277216596e+000
  1.9874149795917111e+000  1.9565349511502581e+000
  1.9882539809522637e+000  1.9559556160047109e+000
  1.9890929823128163e+000  1.9553759382069300e+000
  1.9899319836733689e+000  1.9547959434664655e+000
  1.9907709850339215e+000  1.9542156672805056e+000
  1.9916099863944741e+000  1.9536351549338764e+000
  1.9924489877550267e+000  1.9530543933519442e+000
  1.9932879891155793e+000  1.9524733305505773e+000
  1.9941269904761318e+000  1.9518919621161004e+000
  1.9949659918366844e+000  1.9513102854015263e+000
  1.9958049931972370e+000  1.9507282995265551e+000
  1.9966439945577896e+000  1.9501460053775750e+000
  1.9974829959183422e+000  1.9495634056076614e+000
  1.9983219972788948e+000  1.9489805046365776e+000
  1.9991609986394474e+000  1.9483973086507747e+000
  2.0000000000000000e+000  1.9478138256033917e+000
